3 0.503937 0.696104 0.986877 0.607792
1 0.351706 0.54026 0.031496 0.093506
1 0.238845 0.58961 0.036745 0.103896
1 0.286089 0.67013 0.036745 0.103896
1 0.312336 0.683117 0.036745 0.103896
1 0.349081 0.698701 0.036745 0.103896
1 0.393701 0.716883 0.036745 0.103896
1 0.419948 0.732468 0.036745 0.103896
1 0.459318 0.722078 0.036745 0.103896
1 0.503937 0.722078 0.036745 0.103896
1 0.839895 0.561039 0.031496 0.088312
1 0.656168 0.418182 0.026247 0.077922
1 0.631234 0.431169 0.028871 0.067532
1 0.456693 0.527273 0.036745 0.083117
