3 0.494178 0.48839 0.988355 0.5
1 0.352256 0.03096 0.032023 0.058824
1 0.318049 0.032508 0.03639 0.06192
1 0.331878 0.123065 0.032023 0.051084
1 0.296943 0.126935 0.02329 0.04644
1 0.277293 0.123839 0.027656 0.058824
1 0.246725 0.133127 0.03639 0.043344
1 0.285298 0.082817 0.029112 0.05418
1 0.245269 0.099845 0.027656 0.094427
1 0.189229 0.123065 0.040757 0.066563
1 0.153566 0.133127 0.033479 0.058824
1 0.116448 0.133901 0.040757 0.05418
0 0.105531 0.084365 0.208151 0.140867
0 0.435953 0.116873 0.184862 0.066563
0 0.884279 0.082817 0.22853 0.156347
1 0.098981 0.53096 0.02329 0.049536
1 0.117904 0.527864 0.017467 0.037152
