5 0.896304 0.730612 0.203285 0.302041
5 0.839836 0.068367 0.316222 0.132653
1 0.951745 0.25 0.039014 0.05102
1 0.978439 0.254082 0.039014 0.05102
4 0.408624 0.767347 0.361396 0.204082
3 0.652977 0.761224 0.172485 0.257143
1 0.662218 0.615306 0.039014 0.05102
1 0.565708 0.590816 0.039014 0.05102
1 0.411704 0.464286 0.039014 0.05102
1 0.389117 0.443878 0.039014 0.05102
1 0.255647 0.462245 0.039014 0.05102
1 0.26386 0.496939 0.039014 0.05102
1 0.137577 0.330612 0.028747 0.032653
1 0.128337 0.35102 0.039014 0.036735
1 0.663244 0.192857 0.045175 0.046939
3 0.330595 0.256122 0.316222 0.304082
3 0.711499 0.369388 0.470226 0.277551
3 0.096509 0.595918 0.193018 0.420408
