3 0.56483 0.527125 0.338736 0.504521
0 0.829822 0.659132 0.142626 0.157324
0 0.918963 0.55877 0.116694 0.115732
0 0.972447 0.458409 0.051864 0.117541
0 0.094003 0.690778 0.188006 0.122966
5 0.068071 0.774864 0.136142 0.135624
5 0.076985 0.909584 0.15397 0.166365
1 0.136953 0.901447 0.037277 0.095841
1 0.114263 0.877939 0.037277 0.095841
1 0.209887 0.867089 0.037277 0.095841
1 0.274716 0.858047 0.037277 0.095841
1 0.286062 0.821881 0.037277 0.095841
1 0.334684 0.791139 0.037277 0.095841
1 0.300648 0.756781 0.037277 0.095841
1 0.334684 0.861664 0.037277 0.095841
1 0.352512 0.832731 0.037277 0.095841
1 0.344408 0.91953 0.037277 0.095841
1 0.300648 0.903255 0.037277 0.095841
1 0.405997 0.961121 0.040519 0.077758
1 0.462723 0.961121 0.040519 0.077758
1 0.495138 0.961121 0.040519 0.077758
1 0.459481 0.910488 0.040519 0.077758
1 0.443274 0.861664 0.040519 0.077758
1 0.480551 0.849005 0.040519 0.077758
1 0.498379 0.856239 0.040519 0.077758
1 0.519449 0.872514 0.040519 0.077758
1 0.542139 0.852622 0.040519 0.077758
1 0.569692 0.847197 0.040519 0.077758
1 0.60859 0.867089 0.040519 0.077758
1 0.623177 0.928571 0.040519 0.077758
1 0.69611 0.948463 0.040519 0.077758
1 0.73825 0.961121 0.040519 0.077758
1 0.642626 0.881555 0.040519 0.077758
1 0.683144 0.874322 0.040519 0.077758
1 0.71718 0.868897 0.040519 0.077758
1 0.744733 0.85443 0.040519 0.077758
1 0.775527 0.951175 0.040519 0.097649
1 0.811183 0.947559 0.040519 0.097649
1 0.84846 0.951175 0.040519 0.097649
1 0.879254 0.938517 0.040519 0.097649
1 0.832253 0.909584 0.040519 0.097649
1 0.822528 0.851718 0.040519 0.097649
1 0.843598 0.815552 0.040519 0.097649
1 0.945705 0.924051 0.040519 0.097649
1 0.97893 0.951175 0.038898 0.097649
1 0.97893 0.770344 0.038898 0.097649
1 0.010535 0.576854 0.02107 0.072333
1 0.023501 0.562387 0.02107 0.072333
1 0.038088 0.553345 0.02107 0.072333
1 0.054295 0.55877 0.02107 0.072333
1 0.070502 0.544304 0.02107 0.072333
1 0.089951 0.537071 0.02107 0.072333
1 0.10778 0.524412 0.02107 0.072333
