3 0.465147 0.482094 0.769437 0.958678
1 0.619303 0.668044 0.042895 0.101928
1 0.571046 0.679063 0.042895 0.101928
1 0.423592 0.714876 0.042895 0.101928
1 0.386059 0.750689 0.042895 0.101928
1 0.420912 0.880165 0.042895 0.101928
1 0.447721 0.902204 0.042895 0.101928
1 0.364611 0.871901 0.042895 0.101928
1 0.289544 0.915978 0.042895 0.101928
1 0.201072 0.949036 0.042895 0.101928
1 0.477212 0.874656 0.042895 0.101928
1 0.729223 0.761708 0.042895 0.101928
1 0.689008 0.745179 0.042895 0.101928
1 0.58445 0.811295 0.042895 0.101928
1 0.533512 0.822314 0.042895 0.101928
1 0.643432 0.789256 0.042895 0.101928
1 0.906166 0.247934 0.042895 0.104683
1 0.927614 0.176309 0.042895 0.104683
1 0.977212 0.14876 0.040214 0.104683
1 0.962466 0.242424 0.042895 0.104683
1 0.987936 0.254821 0.018767 0.101928
