1 0.348485 0.941096 0.030303 0.09589
1 0.322511 0.946575 0.030303 0.09589
1 0.242424 0.784932 0.030303 0.09589
1 0.255411 0.776712 0.030303 0.09589
1 0.266234 0.763014 0.030303 0.09589
1 0.142857 0.738356 0.030303 0.09589
1 0.119048 0.730137 0.030303 0.09589
1 0.097403 0.730137 0.030303 0.09589
1 0.075758 0.626027 0.030303 0.09589
1 0.041126 0.631507 0.030303 0.09589
1 0.049784 0.563014 0.030303 0.09589
3 0.22619 0.383562 0.227273 0.350685
3 0.786797 0.338356 0.422078 0.424658
3 0.414502 0.761644 0.266234 0.257534
