5 0.861167 0.852732 0.273642 0.294536
5 0.842052 0.071259 0.311871 0.137767
1 0.966801 0.2981 0.038229 0.049881
1 0.979879 0.2981 0.036217 0.049881
1 0.566398 0.691211 0.042254 0.057007
1 0.419517 0.532067 0.042254 0.057007
1 0.399396 0.513064 0.042254 0.057007
1 0.152918 0.38361 0.040241 0.04038
1 0.15493 0.362233 0.040241 0.04038
1 0.270624 0.532067 0.042254 0.042755
1 0.113682 0.809976 0.042254 0.042755
1 0.119718 0.738717 0.042254 0.042755
4 0.401408 0.86342 0.315895 0.230404
3 0.455734 0.305226 0.38833 0.296912
3 0.647887 0.674584 0.257545 0.313539
3 0.168008 0.597387 0.263581 0.287411
