1 0.678253 0.914934 0.048128 0.090737
1 0.540998 0.78828 0.030303 0.098299
1 0.57754 0.875236 0.042781 0.071834
1 0.508913 0.71172 0.030303 0.05482
1 0.261141 0.649338 0.037433 0.092628
1 0.16221 0.621928 0.035651 0.083176
1 0.130125 0.623819 0.046346 0.086957
1 0.0918 0.618147 0.037433 0.090737
1 0.079323 0.697543 0.062389 0.056711
1 0.40107 0.651229 0.049911 0.073724
3 0.5 0.89225 0.996435 0.2155
3 0.40107 0.575614 0.652406 0.413989
1 0.574866 0.827977 0.030303 0.045369
3 0.568627 0.300567 0.541889 0.143667
