0 0.080938 0.389845 0.062027 0.036145
5 0.956127 0.20568 0.057489 0.108434
5 0.951589 0.111015 0.045386 0.094664
5 0.927383 0.053356 0.039334 0.072289
5 0.942511 0.026678 0.045386 0.049914
0 0.891074 0.113597 0.033283 0.072289
0 0.888805 0.022375 0.022693 0.041308
0 0.429652 0.013769 0.045386 0.024096
0 0.357035 0.018933 0.045386 0.030981
3 0.630106 0.801205 0.685325 0.363167
3 0.527988 0.422547 0.396369 0.569707
3 0.912254 0.524957 0.130106 0.492255
2 0.414523 0.26506 0.142209 0.237522
3 0.073374 0.803787 0.146747 0.347676
5 0.363843 0.060241 0.034796 0.04475
