1 0.763663 0.401786 0.023634 0.059524
1 0.87223 0.636905 0.025111 0.0625
1 0.750369 0.627976 0.023634 0.068452
1 0.725258 0.619792 0.020679 0.058036
1 0.613737 0.575893 0.028065 0.059524
1 0.563516 0.631696 0.033973 0.063988
1 0.488183 0.667411 0.022157 0.066964
1 0.190547 0.748512 0.026588 0.047619
1 0.254801 0.506696 0.025111 0.061012
1 0.182422 0.512649 0.025111 0.066964
1 0.045052 0.452381 0.025111 0.0625
1 0.264402 0.459821 0.026588 0.059524
1 0.239291 0.459821 0.023634 0.056548
1 0.218612 0.462054 0.023634 0.063988
0 0.51034 0.934524 0.181684 0.068452
0 0.541359 0.976935 0.199409 0.04613
0 0.062038 0.070685 0.124077 0.034226
0 0.093058 0.043155 0.124077 0.056548
3 0.60192 0.53125 0.66322 0.247024
3 0.754062 0.803571 0.32644 0.214286
3 0.32127 0.081845 0.299852 0.154762
