2 0.575 0.614407 0.136957 0.216102
2 0.408696 0.191737 0.234783 0.286017
2 0.106522 0.188559 0.143478 0.372881
2 0.141304 0.513771 0.082609 0.175847
5 0.082609 0.933263 0.165217 0.129237
1 0.257609 0.912076 0.023913 0.061441
1 0.277174 0.876059 0.023913 0.061441
1 0.240217 0.886653 0.023913 0.061441
1 0.218478 0.895127 0.023913 0.061441
1 0.018478 0.543432 0.023913 0.061441
0 0.927174 0.423729 0.141304 0.084746
3 0.654348 0.854873 0.63913 0.290254
3 0.778261 0.577331 0.269565 0.252119
3 0.408696 0.412076 0.46087 0.213983
3 0.31413 0.138771 0.61087 0.273305
3 0.146739 0.759534 0.293478 0.154661
