5 0.756065 0.855346 0.471698 0.226415
5 0.524259 0.58805 0.126685 0.320755
5 0.645553 0.460692 0.142857 0.242138
5 0.425876 0.220126 0.328841 0.245283
5 0.123989 0.399371 0.118598 0.18239
5 0.265499 0.342767 0.272237 0.207547
0 0.044474 0.418239 0.088948 0.08805
1 0.020216 0.328616 0.02965 0.059748
1 0.307278 0.105346 0.016173 0.053459
1 0.322102 0.103774 0.018868 0.056604
1 0.575472 0.08805 0.02965 0.056604
1 0.673854 0.059748 0.026954 0.056604
1 0.688679 0.031447 0.018868 0.056604
1 0.421833 0.970126 0.03504 0.059748
1 0.570081 0.822327 0.02965 0.078616
1 0.623989 0.809748 0.03504 0.078616
1 0.735849 0.671384 0.026954 0.066038
1 0.753369 0.666667 0.018868 0.050314
5 0.839623 0.688679 0.315364 0.201258
3 0.784367 0.77673 0.425876 0.44654
3 0.691375 0.301887 0.568733 0.459119
3 0.273585 0.677673 0.54717 0.632075
3 0.107817 0.143082 0.215633 0.279874
5 0.393531 0.042453 0.150943 0.078616
