5 0.801402 0.792986 0.214953 0.414027
1 0.931075 0.802036 0.035047 0.070136
1 0.867991 0.826923 0.035047 0.070136
1 0.860981 0.858597 0.035047 0.070136
1 0.935748 0.863122 0.035047 0.070136
1 0.917056 0.930995 0.035047 0.070136
1 0.956776 0.95362 0.035047 0.070136
1 0.970794 0.937783 0.035047 0.070136
1 0.935748 0.908371 0.035047 0.070136
1 0.977804 0.840498 0.035047 0.070136
1 0.404206 0.332579 0.028037 0.067873
1 0.582944 0.229638 0.035047 0.061086
1 0.482477 0.239819 0.025701 0.067873
1 0.634346 0.213801 0.025701 0.056561
1 0.5 0.131222 0.028037 0.067873
1 0.391355 0.14819 0.035047 0.070136
1 0.426402 0.150452 0.035047 0.070136
3 0.76285 0.171946 0.408879 0.271493
3 0.327103 0.748869 0.654206 0.488688
3 0.82243 0.461538 0.350467 0.235294
3 0.190421 0.251131 0.254673 0.162896
