1 0.144822 0.959375 0.033981 0.08125
1 0.19822 0.909375 0.033981 0.08125
1 0.128641 0.88125 0.046926 0.090625
1 0.125405 0.976562 0.033981 0.046875
1 0.097896 0.975 0.024272 0.05
1 0.078479 0.982031 0.033981 0.035937
1 0.044498 0.967187 0.024272 0.05
1 0.039644 0.907813 0.024272 0.05
1 0.048544 0.985156 0.029126 0.029687
1 0.012136 0.932813 0.017799 0.028125
1 0.021845 0.967187 0.024272 0.05
1 0.08657 0.903125 0.024272 0.05
1 0.063916 0.90625 0.024272 0.05
1 0.023463 0.885938 0.024272 0.05
1 0.081715 0.860938 0.024272 0.05
1 0.067961 0.863281 0.029126 0.029687
1 0.047735 0.857812 0.024272 0.05
1 0.06877 0.795312 0.024272 0.05
1 0.09466 0.820312 0.024272 0.05
1 0.105987 0.801562 0.024272 0.05
1 0.067152 0.764062 0.024272 0.05
1 0.084951 0.778125 0.024272 0.05
1 0.114078 0.76875 0.024272 0.05
1 0.131877 0.751563 0.024272 0.05
1 0.144822 0.7375 0.024272 0.05
1 0.177184 0.7375 0.024272 0.05
1 0.191748 0.729688 0.024272 0.05
1 0.210356 0.70625 0.029126 0.05
1 0.346278 0.566406 0.02589 0.064062
1 0.016181 0.303906 0.012945 0.082812
1 0.032362 0.303906 0.035599 0.082812
1 0.056634 0.317188 0.035599 0.090625
1 0.14644 0.397656 0.024272 0.073438
1 0.398867 0.567187 0.037217 0.071875
1 0.461165 0.483594 0.02589 0.057813
1 0.486246 0.477344 0.027508 0.064062
1 0.549353 0.44375 0.040453 0.06875
3 0.544498 0.704688 0.632686 0.578125
3 0.545307 0.257812 0.443366 0.31875
3 0.876214 0.171094 0.218447 0.217188
3 0.213592 0.242188 0.203883 0.20625
1 0.951456 0.171875 0.02589 0.04375
1 0.130259 0.392969 0.024272 0.073438
