5 0.697479 0.30854 0.197479 0.126722
1 0.670168 0.22314 0.021008 0.060606
1 0.693277 0.230028 0.021008 0.046832
1 0.808824 0.264463 0.021008 0.049587
1 0.796218 0.272727 0.016807 0.049587
1 0.930672 0.816804 0.016807 0.052342
1 0.959034 0.863636 0.018908 0.057851
1 0.893908 0.809917 0.014706 0.066116
1 0.883403 0.809917 0.014706 0.066116
1 0.919118 0.862259 0.010504 0.044077
0 0.597689 0.194215 0.128151 0.107438
0 0.298319 0.14876 0.071429 0.060606
0 0.141807 0.936639 0.161765 0.099174
3 0.644958 0.095041 0.336134 0.184573
2 0.547269 0.320937 0.086134 0.107438
3 0.928571 0.513774 0.138655 0.438017
3 0.796218 0.621212 0.12605 0.460055
3 0.682773 0.763085 0.10084 0.473829
3 0.784664 0.926997 0.102941 0.146006
3 0.567227 0.81405 0.130252 0.3719
3 0.42437 0.862259 0.155462 0.275482
3 0.173319 0.906336 0.346638 0.187328
3 0.065126 0.62259 0.130252 0.380165
3 0.190126 0.501377 0.128151 0.363636
3 0.316176 0.442149 0.119748 0.355372
3 0.440126 0.387052 0.128151 0.355372
3 0.543067 0.353994 0.077731 0.245179
3 0.643908 0.348485 0.128151 0.129477
