5 0.819969 0.857026 0.356918 0.285948
1 0.697327 0.784314 0.029874 0.075163
1 0.756289 0.787582 0.034591 0.075163
1 0.47956 0.931373 0.034591 0.078431
1 0.641509 0.398693 0.028302 0.075163
1 0.928459 0.417484 0.02673 0.070261
1 0.527516 0.321078 0.023585 0.044118
1 0.485063 0.340686 0.02673 0.05719
1 0.42217 0.34232 0.02673 0.05719
1 0.189465 0.419118 0.02673 0.05719
1 0.158019 0.419118 0.02673 0.05719
3 0.742138 0.359477 0.474843 0.111111
3 0.876572 0.65768 0.218553 0.28268
3 0.397799 0.482026 0.298742 0.20915
3 0.862421 0.207516 0.146226 0.196078
3 0.255503 0.242647 0.278302 0.23366
