5 0.801606 0.956161 0.300459 0.087678
5 0.386468 0.883886 0.268349 0.175355
0 0.188073 0.873223 0.133028 0.087678
0 0.167431 0.816351 0.133028 0.087678
0 0.165138 0.760664 0.105505 0.07109
0 0.299312 0.764218 0.162844 0.078199
0 0.325688 0.811611 0.12844 0.092417
0 0.431193 0.707346 0.12844 0.092417
0 0.330275 0.674171 0.12844 0.092417
0 0.286697 0.612559 0.12844 0.092417
0 0.330275 0.547393 0.137615 0.099526
0 0.068807 0.57346 0.137614 0.099526
5 0.192661 0.35545 0.385321 0.156398
5 0.360092 0.097156 0.229358 0.189573
5 0.147936 0.137441 0.28211 0.270142
0 0.300459 0.214455 0.146789 0.092417
1 0.683486 0.815166 0.022936 0.07109
1 0.733945 0.7891 0.022936 0.056872
1 0.762615 0.82109 0.029817 0.049763
1 0.783257 0.780806 0.025229 0.059242
1 0.77867 0.722749 0.029817 0.056872
1 0.529817 0.440758 0.022936 0.056872
1 0.552752 0.443128 0.022936 0.056872
2 0.90367 0.232227 0.133028 0.327014
3 0.568807 0.258294 0.541284 0.227488
3 0.825688 0.586493 0.298165 0.21564
3 0.899083 0.824645 0.183486 0.279621
3 0.56078 0.904028 0.204128 0.191943
0 0.084862 0.656398 0.073394 0.066351
1 0.417431 0.522512 0.022936 0.059242
