3 0.39459 0.633087 0.751866 0.382625
1 0.95056 0.856747 0.024254 0.057301
1 0.93097 0.85305 0.022388 0.049908
1 0.920709 0.844732 0.020522 0.044362
1 0.988806 0.837338 0.018657 0.062847
1 0.982276 0.810536 0.024254 0.049908
1 0.981343 0.767098 0.022388 0.055453
1 0.960821 0.799445 0.018657 0.064695
1 0.948694 0.769871 0.016791 0.060998
1 0.929104 0.761553 0.014925 0.055453
1 0.907649 0.756007 0.016791 0.05915
1 0.856343 0.787431 0.026119 0.055453
1 0.882463 0.753235 0.022388 0.068392
1 0.859142 0.750462 0.024254 0.051756
1 0.941231 0.590573 0.024254 0.038817
1 0.904851 0.580407 0.018657 0.040665
1 0.931903 0.560074 0.016791 0.040665
1 0.916045 0.55915 0.018657 0.042514
1 0.844216 0.530499 0.024254 0.048059
3 0.467351 0.337338 0.29291 0.205176
1 0.26306 0.42329 0.014925 0.033272
