6 0.935049 0.936887 0.061275 0.056781
6 0.835631 0.905433 0.043811 0.058415
6 0.717831 0.881944 0.025123 0.035131
6 0.381434 0.793096 0.033088 0.043709
6 0.305913 0.774101 0.021752 0.031863
6 0.171875 0.730392 0.018382 0.020425
6 0.011795 0.68219 0.02359 0.049837
6 0.12837 0.420956 0.25674 0.064134
6 0.712929 0.595997 0.045956 0.055556
6 0.408701 0.508987 0.536152 0.170752
6 0.585018 0.438521 0.315257 0.087827
6 0.863971 0.557394 0.271446 0.234886
2 0.465839 0.251634 0.931679 0.502451
2 0.079963 0.588031 0.0625 0.106618
2 0.84375 0.75 0.143382 0.241013
