0 0.920578 0.983221 0.050542 0.033557
0 0.931408 0.957494 0.054152 0.03132
0 0.935018 0.94519 0.046931 0.024609
0 0.860108 0.96085 0.048736 0.029083
0 0.871841 0.934004 0.046931 0.029083
0 0.76083 0.942953 0.041516 0.038031
0 0.778881 0.911633 0.041516 0.038031
0 0.32491 0.928412 0.039711 0.026846
0 0.399819 0.861298 0.034296 0.03132
0 0.222022 0.93736 0.025271 0.040268
0 0.177798 0.97651 0.027076 0.033557
5 0.225632 0.647651 0.039711 0.042506
0 0.301444 0.62528 0.028881 0.024609
0 0.023466 0.67226 0.025271 0.033557
2 0.240072 0.482103 0.223827 0.230425
2 0.6787 0.318792 0.638989 0.355705
0 0.367329 0.325503 0.016245 0.01566
0 0.351083 0.331096 0.016245 0.013423
0 0.326715 0.333333 0.018051 0.008949
0 0.305957 0.338926 0.019856 0.011186
0 0.261733 0.348993 0.018051 0.013423
0 0.240072 0.353468 0.018051 0.013423
0 0.209386 0.362416 0.028881 0.013423
0 0.163357 0.369128 0.019856 0.017897
0 0.123646 0.379195 0.016245 0.011186
0 0.141697 0.37472 0.023466 0.01566
2 0.926895 0.071588 0.142599 0.138702
