6 0.673239 0.564789 0.371831 0.126761
6 0.3 0.539437 0.183099 0.149296
2 0.495775 0.267606 0.991549 0.529577
5 0.966197 0.849296 0.061972 0.076056
5 0.86338 0.960563 0.138028 0.078873
5 0.850704 0.914085 0.078873 0.059155
5 0.959155 0.780282 0.076056 0.061972
1 0.194366 0.885915 0.022535 0.047887
1 0.174648 0.885915 0.022535 0.047887
1 0.16338 0.790141 0.022535 0.047887
1 0.11831 0.829577 0.022535 0.047887
1 0.090141 0.857746 0.022535 0.047887
1 0.098592 0.905634 0.022535 0.047887
1 0.084507 0.902817 0.022535 0.047887
1 0.066197 0.888732 0.019718 0.053521
