1 0.849827 0.936508 0.040276 0.061224
1 0.801496 0.907029 0.040276 0.061224
1 0.755466 0.945578 0.040276 0.061224
1 0.765247 0.978458 0.036824 0.043084
1 0.939586 0.851474 0.040276 0.061224
1 0.846375 0.831066 0.040276 0.061224
1 0.75374 0.770975 0.025316 0.058957
1 0.761795 0.76644 0.025316 0.058957
1 0.889528 0.798186 0.025316 0.058957
1 0.901036 0.785714 0.025316 0.058957
1 0.978136 0.767574 0.025316 0.058957
1 0.949367 0.680272 0.025316 0.058957
1 0.798619 0.586168 0.018412 0.049887
1 0.79977 0.702948 0.025316 0.058957
0 0.10069 0.5839 0.093211 0.056689
1 0.89298 0.630385 0.018412 0.049887
1 0.879171 0.631519 0.018412 0.049887
1 0.888377 0.615646 0.018412 0.049887
1 0.927503 0.619048 0.018412 0.049887
1 0.912543 0.604308 0.018412 0.049887
1 0.90794 0.538549 0.018412 0.049887
0 0.858458 0.309524 0.085155 0.031746
0 0.836594 0.3322 0.085155 0.031746
0 0.696203 0.268141 0.032221 0.030612
0 0.64672 0.141156 0.043728 0.028345
0 0.58458 0.137755 0.036824 0.026077
0 0.208285 0.209751 0.032221 0.024943
0 0.20771 0.178005 0.033372 0.027211
0 0.069045 0.185374 0.036824 0.02381
0 0.046605 0.091837 0.035673 0.020408
4 0.429804 0.49263 0.859608 0.363946
