4 0.346377 0.671937 0.692754 0.656126
0 0.526087 0.268775 0.037681 0.039526
0 0.794203 0.268775 0.034783 0.031621
0 0.8 0.249012 0.034783 0.023715
0 0.166667 0.126482 0.043478 0.023715
0 0.194203 0.098814 0.04058 0.031621
0 0.256522 0.039526 0.037681 0.023715
0 0.226087 0.067194 0.04058 0.031621
0 0.13913 0.063241 0.04058 0.031621
0 0.107246 0.086957 0.04058 0.031621
0 0.084058 0.059289 0.028986 0.031621
0 0.107246 0.045455 0.034783 0.019763
0 0.35942 0.039526 0.034783 0.031621
0 0.342029 0.057312 0.028986 0.035573
0 0.302899 0.092885 0.031884 0.027668
0 0.310145 0.037549 0.023188 0.027668
