0 0.612891 0.664583 0.016406 0.040278
0 0.630859 0.74375 0.016406 0.040278
0 0.648828 0.890972 0.016406 0.040278
0 0.701953 0.981944 0.016406 0.036111
0 0.622266 0.54375 0.008594 0.026389
0 0.620703 0.445139 0.010156 0.023611
0 0.619141 0.414583 0.010156 0.023611
0 0.605078 0.474306 0.010156 0.023611
0 0.633203 0.565972 0.008594 0.026389
0 0.598828 0.354167 0.008594 0.019444
0 0.613281 0.372917 0.007812 0.018056
4 0.8625 0.638889 0.273438 0.722222
4 0.408203 0.820139 0.305469 0.356944
4 0.128516 0.579861 0.257031 0.326389
4 0.120313 0.285417 0.240625 0.173611
4 0.6875 0.618056 0.073438 0.205556
4 0.675 0.436806 0.092188 0.151389
4 0.635937 0.270833 0.054688 0.163889
4 0.308594 0.381944 0.110937 0.266667
4 0.505469 0.569444 0.173437 0.152778
4 0.465625 0.350694 0.203125 0.084722
4 0.575781 0.354167 0.026562 0.277778
