4 0.503378 0.56672 0.987838 0.538585
0 0.178378 0.297428 0.021622 0.03537
0 0.151351 0.262862 0.032432 0.027331
0 0.109459 0.283762 0.032432 0.027331
0 0.121622 0.278939 0.032432 0.027331
0 0.614865 0.094051 0.02973 0.0209
0 0.604054 0.063505 0.02973 0.0209
0 0.591892 0.050643 0.02973 0.0209
0 0.591892 0.034566 0.02973 0.0209
0 0.799324 0.07717 0.025676 0.016077
0 0.776351 0.069132 0.025676 0.016077
0 0.764189 0.065916 0.025676 0.016077
0 0.829054 0.067524 0.025676 0.016077
0 0.847973 0.073955 0.025676 0.016077
