5 0.960764 0.651389 0.077083 0.261111
1 0.904514 0.631944 0.024306 0.091667
1 0.884722 0.620833 0.025 0.063889
1 0.884722 0.535417 0.027778 0.084722
1 0.858333 0.534028 0.022222 0.0625
1 0.853125 0.629167 0.027083 0.094444
5 0.635764 0.482639 0.065972 0.0875
1 0.639931 0.468056 0.013194 0.041667
1 0.636111 0.45625 0.0125 0.0375
1 0.544097 0.476389 0.024306 0.05
1 0.537153 0.329167 0.009028 0.052778
1 0.478125 0.383333 0.011806 0.058333
1 0.476736 0.321528 0.007639 0.056944
1 0.471528 0.318056 0.006944 0.047222
1 0.464236 0.310417 0.009028 0.051389
1 0.453472 0.315278 0.005556 0.047222
1 0.445833 0.318056 0.006944 0.047222
1 0.447569 0.307639 0.00625 0.054167
1 0.435069 0.308333 0.009028 0.055556
1 0.419444 0.314583 0.006944 0.054167
1 0.407639 0.311111 0.006944 0.052778
1 0.403125 0.311806 0.010417 0.048611
5 0.387153 0.28125 0.039583 0.090278
1 0.398958 0.20625 0.010417 0.040278
1 0.340972 0.343056 0.008333 0.052778
1 0.336458 0.340972 0.007639 0.048611
1 0.218056 0.28125 0.0125 0.045833
1 0.233681 0.333333 0.013194 0.047222
1 0.225347 0.334028 0.014583 0.045833
1 0.126736 0.329861 0.013194 0.048611
1 0.114583 0.322222 0.015278 0.044444
3 0.175694 0.368056 0.084722 0.091667
3 0.031944 0.324306 0.063889 0.0625
0 0.728125 0.139583 0.01875 0.020833
0 0.708681 0.139583 0.01875 0.020833
0 0.721181 0.142361 0.010417 0.018056
3 0.147917 0.847222 0.295833 0.305556
