1 0.964583 0.825694 0.044444 0.115278
3 0.823958 0.80625 0.200694 0.270833
1 0.984375 0.443056 0.020139 0.069444
3 0.900694 0.356944 0.190278 0.111111
3 0.518403 0.449306 0.140972 0.104167
1 0.239931 0.60625 0.022917 0.093056
1 0.220486 0.6125 0.020139 0.1
1 0.774653 0.334028 0.009028 0.054167
1 0.765278 0.336111 0.006944 0.052778
1 0.759028 0.338194 0.006944 0.054167
1 0.746528 0.334028 0.009722 0.054167
1 0.738194 0.322917 0.008333 0.048611
1 0.744444 0.293056 0.008333 0.047222
1 0.469097 0.664583 0.034028 0.095833
