1 0.967014 0.583333 0.024306 0.091667
1 0.987153 0.6625 0.024306 0.077778
1 0.964931 0.679167 0.035417 0.1
1 0.932639 0.674306 0.033333 0.109722
1 0.936111 0.605556 0.025 0.052778
5 0.684375 0.493056 0.06875 0.1
1 0.686806 0.477778 0.016667 0.044444
1 0.686111 0.463889 0.016667 0.044444
1 0.5875 0.474306 0.018056 0.054167
1 0.523264 0.373611 0.014583 0.061111
1 0.588542 0.322222 0.011806 0.05
1 0.526736 0.311806 0.007639 0.056944
1 0.521528 0.309028 0.006944 0.054167
1 0.514583 0.296528 0.009722 0.054167
1 0.503125 0.299306 0.00625 0.051389
1 0.496528 0.305556 0.005556 0.047222
1 0.498958 0.29375 0.00625 0.054167
1 0.487847 0.29375 0.00625 0.048611
1 0.479167 0.292361 0.008333 0.048611
1 0.466319 0.289583 0.009028 0.048611
1 0.459028 0.289583 0.009722 0.043056
1 0.483681 0.176389 0.011806 0.036111
5 0.440278 0.2625 0.036111 0.083333
1 0.392708 0.315972 0.009028 0.051389
1 0.385069 0.317361 0.009028 0.051389
1 0.302431 0.30625 0.009028 0.051389
1 0.295833 0.251389 0.011111 0.044444
1 0.285764 0.3 0.014583 0.047222
1 0.197917 0.288194 0.011111 0.043056
1 0.187847 0.284028 0.013194 0.045833
0 0.061458 0.211111 0.022917 0.019444
3 0.169097 0.823611 0.338194 0.352778
3 0.234722 0.314583 0.0875 0.043056
3 0.069792 0.284722 0.139583 0.077778
