3 0.955556 0.306944 0.0875 0.066667
1 0.931597 0.254861 0.015972 0.045833
1 0.920139 0.245833 0.0125 0.05
1 0.835417 0.300694 0.0125 0.043056
1 0.823958 0.293056 0.013194 0.05
3 0.771528 0.195833 0.172222 0.05
3 0.712153 0.340278 0.16875 0.069444
1 0.601736 0.367361 0.014583 0.065278
1 0.651736 0.176389 0.00625 0.038889
1 0.645486 0.18125 0.004861 0.0375
1 0.640278 0.183333 0.006944 0.036111
1 0.633681 0.18125 0.00625 0.0375
3 0.520139 0.257639 0.119444 0.068056
3 0.677431 0.720139 0.539583 0.559722
1 0.373611 0.346528 0.011111 0.056944
1 0.357986 0.345833 0.009028 0.055556
1 0.369444 0.320139 0.006944 0.040278
0 0.032292 0.081944 0.022917 0.013889
0 0.060417 0.077083 0.018056 0.0125
0 0.077431 0.079167 0.015972 0.011111
0 0.117014 0.074306 0.020139 0.0125
0 0.162847 0.06875 0.013194 0.009722
