5 0.979167 0.690278 0.040278 0.247222
1 0.940972 0.670139 0.031944 0.104167
1 0.922569 0.64375 0.027083 0.104167
1 0.884028 0.665972 0.030556 0.098611
1 0.913194 0.567361 0.019444 0.084722
1 0.888889 0.565278 0.023611 0.072222
5 0.660069 0.495833 0.06875 0.097222
1 0.663194 0.48125 0.016667 0.043056
1 0.659722 0.467361 0.015278 0.040278
1 0.564931 0.478472 0.017361 0.054167
1 0.564236 0.332639 0.010417 0.054167
1 0.501389 0.384722 0.0125 0.061111
0 0.772222 0.147222 0.019444 0.022222
0 0.763889 0.147917 0.0125 0.023611
0 0.752083 0.148611 0.020833 0.027778
1 0.503819 0.322917 0.009028 0.054167
1 0.497569 0.322222 0.00625 0.05
1 0.490278 0.308333 0.006944 0.058333
1 0.480208 0.3125 0.007639 0.05
1 0.472917 0.316667 0.008333 0.047222
1 0.475 0.304167 0.008333 0.055556
1 0.462847 0.305556 0.007639 0.055556
1 0.447222 0.314583 0.008333 0.051389
1 0.433333 0.303472 0.008333 0.048611
1 0.455208 0.182639 0.010417 0.040278
1 0.369097 0.331944 0.010417 0.055556
1 0.361806 0.333333 0.008333 0.055556
5 0.414236 0.275694 0.038194 0.0875
1 0.267014 0.318056 0.013194 0.05
1 0.258681 0.320139 0.015972 0.048611
1 0.251736 0.268056 0.014583 0.041667
1 0.166667 0.306944 0.0125 0.047222
1 0.154514 0.303472 0.015972 0.048611
3 0.15 0.824306 0.3 0.351388
3 0.208333 0.345139 0.079167 0.065278
3 0.067361 0.299306 0.075 0.051389
