1 0.982292 0.657639 0.01875 0.048611
1 0.913542 0.610417 0.014583 0.051389
1 0.93125 0.583333 0.011111 0.055556
1 0.919097 0.575 0.010417 0.05
1 0.905556 0.572917 0.008333 0.045833
1 0.897917 0.574306 0.008333 0.045833
1 0.829861 0.572917 0.008333 0.045833
1 0.859375 0.570833 0.009028 0.041667
1 0.867014 0.569444 0.009028 0.041667
1 0.889236 0.570139 0.009028 0.048611
1 0.903125 0.523611 0.010417 0.036111
5 0.843403 0.554861 0.029861 0.065278
1 0.726042 0.555556 0.007639 0.038889
1 0.722569 0.570833 0.007639 0.038889
1 0.717014 0.5625 0.007639 0.038889
1 0.703819 0.563889 0.007639 0.038889
1 0.642014 0.552778 0.007639 0.038889
1 0.634028 0.547917 0.006944 0.034722
1 0.450694 0.552778 0.004167 0.030556
1 0.446528 0.555556 0.004167 0.030556
1 0.443056 0.554167 0.004167 0.030556
1 0.414236 0.526389 0.004861 0.030556
1 0.346875 0.605556 0.00625 0.036111
1 0.303819 0.616667 0.009028 0.038889
1 0.239583 0.640278 0.006944 0.055556
3 0.795486 0.902778 0.157639 0.194444
3 0.519444 0.722222 0.343056 0.15
