3 0.101736 0.679167 0.203472 0.291667
3 0.507986 0.356944 0.227083 0.088889
1 0.462153 0.421528 0.013194 0.056944
1 0.320833 0.345139 0.011111 0.056944
1 0.305208 0.375694 0.007639 0.048611
1 0.330903 0.390972 0.011806 0.048611
1 0.344792 0.386806 0.010417 0.056944
1 0.350694 0.383333 0.006944 0.05
1 0.359375 0.384028 0.010417 0.056944
3 0.526736 0.782639 0.324306 0.331944
1 0.603125 0.784722 0.028472 0.088889
1 0.792361 0.620139 0.020833 0.093056
3 0.869097 0.522917 0.210417 0.134722
1 0.846528 0.584722 0.020833 0.088889
1 0.764236 0.429861 0.011806 0.065278
1 0.746181 0.420833 0.010417 0.069444
1 0.872222 0.420833 0.015278 0.069444
1 0.988194 0.547917 0.022222 0.076389
