3 0.683333 0.718056 0.513889 0.563888
3 0.959722 0.29375 0.079167 0.0625
3 0.794097 0.186111 0.15625 0.05
3 0.730903 0.327083 0.164583 0.0625
3 0.525347 0.246528 0.111806 0.0625
1 0.949306 0.245139 0.015278 0.045833
1 0.937153 0.236806 0.013194 0.051389
1 0.802431 0.255556 0.010417 0.052778
1 0.767014 0.289583 0.011806 0.045833
1 0.663889 0.169444 0.006944 0.036111
1 0.657292 0.171528 0.00625 0.034722
1 0.652431 0.173611 0.007639 0.036111
1 0.644444 0.172917 0.006944 0.034722
1 0.613542 0.352778 0.011806 0.052778
1 0.386111 0.33125 0.008333 0.056944
1 0.386111 0.303472 0.006944 0.040278
1 0.371181 0.333333 0.009028 0.061111
0 0.017014 0.074306 0.021528 0.015278
0 0.051389 0.071528 0.022222 0.018056
0 0.076736 0.067361 0.015972 0.015278
0 0.094792 0.068056 0.015972 0.011111
0 0.132986 0.063889 0.01875 0.011111
0 0.177431 0.060417 0.010417 0.0125
