3 0.494792 0.7375 0.602083 0.525
1 0.944444 0.370833 0.020833 0.069444
1 0.952431 0.315972 0.014583 0.056944
1 0.939931 0.319444 0.014583 0.063889
1 0.908681 0.311806 0.017361 0.0625
5 0.922917 0.279861 0.058333 0.104167
1 0.704514 0.361111 0.011806 0.066667
1 0.748611 0.281944 0.0125 0.052778
1 0.733681 0.26875 0.010417 0.051389
1 0.71875 0.224306 0.006944 0.048611
1 0.649306 0.230556 0.006944 0.044444
1 0.640625 0.230556 0.007639 0.047222
3 0.682639 0.277778 0.0875 0.044444
1 0.58125 0.424306 0.015278 0.079167
1 0.563194 0.410417 0.0125 0.070833
1 0.576736 0.273611 0.009028 0.030556
1 0.509375 0.296528 0.007639 0.045833
1 0.542361 0.244444 0.008333 0.041667
1 0.466319 0.235417 0.00625 0.040278
1 0.386111 0.225694 0.008333 0.034722
1 0.394097 0.225 0.004861 0.036111
1 0.399653 0.224306 0.007639 0.0375
1 0.405556 0.223611 0.005556 0.036111
1 0.078819 0.465972 0.020139 0.068056
1 0.066319 0.472917 0.022917 0.073611
3 0.231944 0.336111 0.080556 0.083333
3 0.512847 0.21875 0.078472 0.048611
3 0.477431 0.347917 0.161806 0.098611
2 0.527083 0.299306 0.023611 0.068056
2 0.556944 0.190278 0.031944 0.211111
