3 0.960764 0.29375 0.077083 0.054167
1 0.948264 0.24375 0.015972 0.045833
1 0.936458 0.236806 0.014583 0.051389
1 0.797222 0.252083 0.009722 0.045833
1 0.763542 0.298611 0.010417 0.038889
3 0.735417 0.330556 0.152778 0.075
3 0.784722 0.1875 0.163889 0.047222
1 0.663542 0.166667 0.00625 0.038889
1 0.657639 0.171528 0.005556 0.034722
1 0.652083 0.173611 0.006944 0.030556
1 0.645486 0.172917 0.007639 0.031944
3 0.526389 0.252083 0.120833 0.068056
1 0.372917 0.329861 0.008333 0.056944
1 0.387153 0.327778 0.011806 0.063889
1 0.388194 0.304167 0.006944 0.05
0 0.019097 0.070139 0.017361 0.0125
0 0.048958 0.063194 0.01875 0.018056
0 0.080903 0.061806 0.015972 0.015278
0 0.097222 0.063889 0.015278 0.011111
0 0.135069 0.057639 0.01875 0.009722
0 0.151042 0.053472 0.015972 0.018056
0 0.179514 0.053472 0.010417 0.0125
0 0.168056 0.055556 0.009722 0.011111
3 0.697917 0.709722 0.522222 0.580556
