3 0.865972 0.513194 0.229167 0.123611
3 0.469444 0.8125 0.393056 0.375
3 0.092014 0.663889 0.184028 0.225
3 0.502778 0.348611 0.233333 0.080556
1 0.960764 0.432639 0.020139 0.076389
1 0.846528 0.584722 0.016667 0.097222
1 0.761111 0.420139 0.015278 0.059722
1 0.741667 0.408333 0.013889 0.069444
1 0.444444 0.415278 0.0125 0.058333
1 0.336111 0.377778 0.011111 0.058333
1 0.327083 0.379167 0.009722 0.055556
1 0.320139 0.38125 0.009722 0.051389
1 0.307639 0.384722 0.008333 0.058333
1 0.281597 0.370139 0.010417 0.054167
1 0.296528 0.336806 0.008333 0.054167
