1 0.990278 0.329861 0.016667 0.0625
1 0.944444 0.323611 0.018056 0.058333
1 0.931944 0.322917 0.0125 0.059722
1 0.902431 0.315278 0.01875 0.058333
5 0.917014 0.282639 0.057639 0.098611
1 0.787847 0.315278 0.013194 0.055556
1 0.7 0.359722 0.011111 0.066667
1 0.745486 0.284028 0.010417 0.054167
1 0.729514 0.270833 0.010417 0.047222
1 0.716319 0.229167 0.007639 0.041667
1 0.645833 0.235417 0.008333 0.040278
1 0.638542 0.231944 0.00625 0.044444
1 0.578125 0.419444 0.014583 0.072222
1 0.527431 0.278472 0.011806 0.043056
1 0.492708 0.244444 0.009028 0.036111
1 0.472569 0.238194 0.007639 0.034722
6 0.507986 0.325 0.015972 0.033333
3 0.479514 0.345833 0.15625 0.094444
1 0.560417 0.40625 0.011111 0.068056
2 0.521181 0.157639 0.079861 0.095833
2 0.581597 0.246528 0.09375 0.095833
2 0.614583 0.150694 0.108333 0.098611
3 0.676389 0.275694 0.091667 0.048611
3 0.498958 0.219444 0.049306 0.025
1 0.386806 0.227778 0.008333 0.033333
1 0.394097 0.225 0.00625 0.036111
1 0.404167 0.223611 0.008333 0.033333
1 0.400347 0.226389 0.00625 0.033333
3 0.232986 0.332639 0.075694 0.084722
1 0.080903 0.459028 0.021528 0.070833
1 0.063194 0.467361 0.023611 0.073611
2 0.777083 0.439583 0.068056 0.159722
3 0.453819 0.756944 0.528472 0.486111
