3 0.500347 0.748611 0.59375 0.502778
3 0.681597 0.260417 0.089583 0.065278
3 0.482639 0.327083 0.154167 0.101389
3 0.251042 0.301389 0.13125 0.077778
3 0.480903 0.1875 0.114583 0.041667
1 0.990278 0.331944 0.018056 0.069444
1 0.945139 0.31875 0.013889 0.0625
1 0.932986 0.318056 0.013194 0.058333
1 0.905208 0.311806 0.020139 0.056944
5 0.922569 0.272222 0.059028 0.105556
1 0.723611 0.397222 0.0125 0.063889
1 0.730903 0.391667 0.010417 0.063889
1 0.753472 0.246528 0.009722 0.051389
1 0.734722 0.25 0.009722 0.047222
1 0.721528 0.200694 0.008333 0.048611
1 0.652083 0.20625 0.008333 0.040278
1 0.64375 0.199306 0.006944 0.043056
1 0.599653 0.294444 0.007639 0.038889
1 0.551736 0.211111 0.007639 0.038889
1 0.553819 0.177083 0.007639 0.0375
6 0.517708 0.297917 0.020139 0.0375
2 0.535764 0.272917 0.028472 0.054167
2 0.597222 0.197917 0.091667 0.145833
1 0.403472 0.179167 0.005556 0.036111
1 0.400347 0.18125 0.00625 0.034722
1 0.39375 0.184028 0.006944 0.0375
1 0.385417 0.184028 0.006944 0.040278
1 0.386111 0.388194 0.009722 0.073611
1 0.090972 0.445833 0.022222 0.069444
1 0.065972 0.456944 0.025 0.066667
