3 0.487847 0.761806 0.565972 0.476388
1 0.910764 0.332639 0.014583 0.068056
1 0.952778 0.341667 0.013889 0.066667
1 0.940625 0.339583 0.014583 0.059722
1 0.765278 0.402778 0.016667 0.069444
1 0.782292 0.3125 0.011806 0.055556
1 0.753819 0.29375 0.011806 0.051389
1 0.736458 0.275 0.009028 0.05
1 0.722569 0.227083 0.007639 0.045833
1 0.653125 0.235417 0.007639 0.043056
1 0.644097 0.227083 0.007639 0.043056
1 0.6625 0.451389 0.020833 0.069444
1 0.630556 0.436111 0.019444 0.066667
1 0.521528 0.384722 0.015278 0.061111
1 0.600347 0.320139 0.011806 0.045833
6 0.51875 0.329861 0.013889 0.029167
2 0.543056 0.275694 0.041667 0.070833
2 0.568403 0.177778 0.09375 0.122222
3 0.685417 0.283333 0.088889 0.047222
3 0.485069 0.354167 0.154861 0.097222
1 0.507986 0.245833 0.010417 0.038889
1 0.488889 0.23125 0.008333 0.040278
1 0.389931 0.21875 0.007639 0.034722
1 0.398958 0.217361 0.009028 0.034722
1 0.403125 0.215278 0.00625 0.033333
1 0.408681 0.215278 0.009028 0.036111
3 0.498264 0.198611 0.035417 0.036111
3 0.235417 0.338194 0.080556 0.076389
3 0.087847 0.476389 0.020139 0.066667
3 0.064931 0.490972 0.024306 0.070833
5 0.925694 0.295833 0.055556 0.108333
