3 0.562153 0.824306 0.786806 0.351388
3 0.572222 0.456944 0.206944 0.111111
3 0.846181 0.403472 0.129861 0.0875
1 0.95 0.424306 0.013889 0.068056
1 0.801042 0.416667 0.01875 0.069444
1 0.730903 0.43125 0.017361 0.073611
1 0.892708 0.341667 0.010417 0.063889
1 0.795833 0.3375 0.015278 0.05
1 0.785417 0.330556 0.011111 0.047222
1 0.941319 0.409722 0.021528 0.052778
1 0.656597 0.338194 0.009028 0.048611
3 0.634375 0.301389 0.121528 0.044444
1 0.556944 0.31875 0.009722 0.043056
1 0.532986 0.330556 0.007639 0.044444
1 0.505556 0.298611 0.005556 0.036111
1 0.500347 0.301389 0.004861 0.036111
1 0.487153 0.304167 0.007639 0.038889
3 0.311806 0.408333 0.090278 0.086111
1 0.1625 0.440972 0.0125 0.054167
1 0.122917 0.538889 0.018056 0.075
1 0.105903 0.550694 0.025694 0.073611
1 0.3375 0.484028 0.029167 0.051389
