1 0.901389 0.631944 0.026389 0.061111
1 0.918403 0.436806 0.020139 0.0625
1 0.819792 0.46875 0.021528 0.065278
1 0.834722 0.395833 0.013889 0.063889
1 0.830208 0.388889 0.011806 0.061111
1 0.819097 0.370833 0.013194 0.066667
1 0.806597 0.373611 0.013194 0.061111
1 0.796181 0.373611 0.013194 0.061111
1 0.802431 0.361111 0.013194 0.061111
1 0.787153 0.360417 0.011806 0.065278
1 0.782292 0.351389 0.011806 0.055556
1 0.762847 0.344444 0.011806 0.055556
1 0.753472 0.343056 0.0125 0.052778
1 0.717708 0.331944 0.010417 0.055556
5 0.736458 0.30625 0.040972 0.095833
1 0.792361 0.214583 0.011111 0.043056
1 0.600694 0.281944 0.009722 0.047222
1 0.596528 0.311806 0.009722 0.048611
1 0.590972 0.311111 0.009722 0.052778
1 0.573611 0.301389 0.009722 0.047222
1 0.501389 0.264583 0.008333 0.040278
1 0.493056 0.258333 0.008333 0.041667
1 0.254167 0.252083 0.006944 0.0375
1 0.248264 0.254861 0.004861 0.040278
1 0.243056 0.259028 0.009722 0.043056
1 0.217708 0.169444 0.004861 0.036111
1 0.204167 0.165278 0.005556 0.036111
1 0.079167 0.479167 0.011111 0.05
1 0.064236 0.489583 0.01875 0.054167
3 0.274306 0.791667 0.548611 0.416667
3 0.537847 0.311111 0.060417 0.058333
3 0.324653 0.416667 0.163194 0.138889
3 0.375347 0.238889 0.136806 0.075
3 0.078472 0.406944 0.156944 0.111111
