3 0.876389 0.41875 0.227778 0.156944
3 0.503472 0.229167 0.233333 0.102778
3 0.082986 0.497222 0.165972 0.155556
3 0.46875 0.725694 0.395833 0.409722
1 0.589583 0.7 0.033333 0.083333
1 0.565625 0.729167 0.035417 0.122222
1 0.861111 0.493056 0.026389 0.1
1 0.774306 0.302778 0.018056 0.063889
1 0.753819 0.284722 0.015972 0.069444
1 0.248264 0.14375 0.009028 0.040278
1 0.318403 0.285417 0.015972 0.054167
1 0.288194 0.257639 0.009722 0.056944
1 0.303472 0.254861 0.013889 0.065278
1 0.310417 0.247222 0.008333 0.052778
1 0.318403 0.241667 0.011806 0.052778
1 0.325 0.239583 0.009722 0.056944
