3 0.500694 0.749306 0.580556 0.501388
1 0.901736 0.3875 0.01875 0.066667
1 0.953819 0.31875 0.017361 0.059722
1 0.941319 0.314583 0.014583 0.059722
1 0.911458 0.310417 0.01875 0.0625
1 0.736806 0.394444 0.011111 0.066667
1 0.729514 0.401389 0.011806 0.069444
1 0.785417 0.288889 0.0125 0.058333
1 0.752083 0.25625 0.009722 0.048611
1 0.7375 0.252083 0.008333 0.045833
1 0.724306 0.204861 0.008333 0.043056
1 0.653819 0.210417 0.010417 0.040278
1 0.644792 0.204861 0.00625 0.043056
2 0.617014 0.234722 0.061806 0.127778
6 0.523264 0.3 0.015972 0.038889
2 0.527083 0.251389 0.038889 0.058333
1 0.553125 0.217361 0.00625 0.040278
3 0.488542 0.328472 0.145139 0.090278
1 0.387153 0.389583 0.014583 0.068056
1 0.389236 0.192361 0.009028 0.0375
1 0.398611 0.191667 0.008333 0.036111
1 0.403819 0.189583 0.009028 0.0375
1 0.407639 0.188194 0.008333 0.040278
1 0.495139 0.211111 0.005556 0.033333
3 0.504167 0.186111 0.101389 0.05
3 0.245486 0.309722 0.100694 0.063889
3 0.689583 0.260417 0.080556 0.054167
1 0.089583 0.452778 0.020833 0.066667
1 0.065625 0.467361 0.025694 0.070833
