1 0.950347 0.428472 0.010417 0.048611
1 0.940625 0.428472 0.010417 0.051389
1 0.932639 0.442361 0.011111 0.056944
1 0.927778 0.430556 0.008333 0.058333
1 0.919444 0.432639 0.006944 0.051389
1 0.912153 0.430556 0.007639 0.05
1 0.901736 0.429861 0.010417 0.0375
3 0.838542 0.461111 0.213194 0.1
2 0.806597 0.283333 0.159028 0.238889
3 0.599653 0.489583 0.18125 0.095833
2 0.603819 0.372222 0.097917 0.111111
1 0.244792 0.48125 0.015972 0.059722
1 0.217014 0.483333 0.01875 0.069444
1 0.129167 0.497917 0.030556 0.151389
