3 0.707986 0.729167 0.582639 0.541666
3 0.978472 0.318056 0.041667 0.05
3 0.81875 0.202083 0.193056 0.056944
3 0.561458 0.259722 0.146528 0.088889
3 0.756944 0.359722 0.180556 0.069444
1 0.993403 0.272222 0.011806 0.044444
1 0.983333 0.259722 0.015278 0.052778
1 0.821875 0.292361 0.011806 0.043056
1 0.795139 0.320833 0.0125 0.038889
1 0.682639 0.179167 0.006944 0.038889
1 0.676042 0.183333 0.004861 0.036111
1 0.671528 0.183333 0.005556 0.038889
1 0.662847 0.184028 0.007639 0.0375
1 0.660417 0.406944 0.018056 0.05
1 0.377778 0.363194 0.013889 0.059722
1 0.392014 0.358333 0.010417 0.061111
1 0.390625 0.329167 0.00625 0.044444
0 0.029167 0.075694 0.015278 0.0125
0 0.061111 0.075 0.018056 0.016667
0 0.090625 0.069444 0.017361 0.013889
0 0.107639 0.070139 0.016667 0.0125
0 0.145139 0.063889 0.018056 0.011111
0 0.177778 0.061806 0.009722 0.009722
0 0.188889 0.061111 0.009722 0.011111
