1 0.992708 0.500694 0.013194 0.048611
1 0.942014 0.477083 0.010417 0.056944
1 0.930556 0.475 0.009722 0.052778
1 0.924653 0.491667 0.011806 0.055556
1 0.915625 0.477083 0.007639 0.045833
1 0.90625 0.476389 0.009722 0.05
1 0.897222 0.478472 0.006944 0.048611
1 0.892361 0.472917 0.005556 0.043056
1 0.884028 0.479861 0.006944 0.0375
1 0.874306 0.481944 0.009722 0.044444
1 0.834028 0.484722 0.009722 0.041667
5 0.852431 0.473611 0.03125 0.066667
1 0.732986 0.485417 0.00625 0.043056
1 0.726389 0.495139 0.006944 0.040278
1 0.707986 0.495833 0.009028 0.038889
1 0.644097 0.492361 0.004861 0.031944
1 0.636806 0.492361 0.005556 0.031944
1 0.449306 0.511111 0.004167 0.030556
1 0.446181 0.513889 0.004861 0.027778
1 0.442014 0.513194 0.004861 0.029167
1 0.563194 0.426389 0.044444 0.133333
1 0.297569 0.523611 0.009028 0.036111
1 0.24375 0.543056 0.009722 0.05
1 0.219444 0.544444 0.011111 0.058333
3 0.806597 0.626389 0.215972 0.158333
3 0.599306 0.645139 0.156944 0.143056
3 0.644097 0.547917 0.045139 0.051389
3 0.371528 0.567361 0.052778 0.048611
