1 0.994444 0.364583 0.009722 0.054167
1 0.944792 0.370139 0.009028 0.043056
1 0.930208 0.371528 0.00625 0.045833
1 0.921528 0.364583 0.006944 0.056944
1 0.913194 0.36875 0.006944 0.043056
1 0.904514 0.363889 0.007639 0.038889
3 0.834375 0.404861 0.23125 0.109722
3 0.596181 0.43125 0.192361 0.104167
2 0.58125 0.354167 0.026389 0.041667
2 0.630903 0.322917 0.060417 0.090278
2 0.746875 0.240972 0.170139 0.131944
2 0.872222 0.170139 0.094444 0.073611
1 0.281944 0.370139 0.045833 0.254167
1 0.175 0.399306 0.052778 0.2125
