3 0.623611 0.729167 0.577778 0.541666
1 0.876736 0.446528 0.020139 0.076389
1 0.859375 0.413889 0.014583 0.066667
1 0.935417 0.309028 0.011111 0.054167
1 0.910069 0.286111 0.014583 0.055556
1 0.897569 0.231944 0.011806 0.05
1 0.810764 0.229167 0.010417 0.044444
1 0.801736 0.21875 0.011806 0.040278
3 0.850347 0.284722 0.111806 0.080556
1 0.745486 0.314583 0.010417 0.043056
1 0.734375 0.207639 0.007639 0.0375
1 0.696875 0.222222 0.009028 0.044444
6 0.657639 0.308333 0.016667 0.027778
2 0.671181 0.276389 0.053472 0.038889
2 0.697917 0.208333 0.048611 0.097222
2 0.752778 0.205556 0.0625 0.116667
3 0.622569 0.177083 0.102083 0.054167
3 0.615625 0.328472 0.172917 0.081944
1 0.53125 0.175 0.006944 0.036111
1 0.539583 0.173611 0.005556 0.036111
1 0.544444 0.174306 0.004167 0.034722
1 0.548611 0.171528 0.005556 0.0375
1 0.518403 0.374306 0.014583 0.0625
3 0.412153 0.266667 0.113194 0.077778
1 0.504167 0.089583 0.004167 0.029167
1 0.264236 0.375 0.017361 0.061111
1 0.244444 0.383333 0.018056 0.061111
1 0.022222 0.279167 0.023611 0.058333
