1 0.789236 0.374306 0.013194 0.054167
1 0.707292 0.409028 0.017361 0.0625
1 0.719097 0.34375 0.009028 0.0625
1 0.715278 0.340278 0.008333 0.058333
1 0.705556 0.325694 0.011111 0.056944
1 0.694444 0.327083 0.008333 0.056944
1 0.685764 0.329861 0.009028 0.048611
1 0.688542 0.318056 0.009028 0.061111
1 0.676042 0.315278 0.007639 0.047222
1 0.671181 0.310417 0.00625 0.051389
1 0.65625 0.308333 0.008333 0.052778
1 0.648611 0.307639 0.008333 0.045833
1 0.613889 0.299306 0.008333 0.045833
1 0.682292 0.189583 0.011806 0.0375
1 0.776389 0.538889 0.020833 0.055556
1 0.897569 0.586111 0.024306 0.047222
1 0.896181 0.570833 0.024306 0.047222
5 0.893403 0.601389 0.089583 0.133333
5 0.630556 0.275 0.033333 0.086111
1 0.542014 0.313194 0.011806 0.054167
1 0.507986 0.265278 0.009028 0.05
1 0.496875 0.293056 0.009028 0.047222
1 0.482639 0.284028 0.009722 0.045833
1 0.411111 0.252778 0.006944 0.038889
1 0.403125 0.249306 0.010417 0.040278
3 0.440972 0.290278 0.075 0.066667
3 0.278819 0.236806 0.164583 0.0875
1 0.151389 0.263889 0.008333 0.038889
1 0.145833 0.265972 0.008333 0.040278
1 0.138889 0.26875 0.009722 0.043056
1 0.105903 0.178472 0.007639 0.034722
3 0.234722 0.784028 0.469444 0.431944
3 0.219097 0.41875 0.190972 0.165278
