3 0.628125 0.742361 0.588194 0.515278
3 0.856944 0.2875 0.106944 0.063889
3 0.668403 0.188194 0.170139 0.0375
3 0.630556 0.3375 0.154167 0.086111
3 0.412847 0.279861 0.113194 0.065278
1 0.91875 0.291667 0.0125 0.058333
1 0.916667 0.234028 0.0125 0.048611
1 0.812153 0.315972 0.01875 0.0625
1 0.781597 0.2875 0.013194 0.05
1 0.816319 0.232639 0.010417 0.045833
1 0.807292 0.227083 0.009028 0.045833
1 0.651736 0.282639 0.010417 0.040278
1 0.543403 0.390972 0.010417 0.045833
1 0.552431 0.179861 0.00625 0.040278
1 0.547917 0.183333 0.005556 0.036111
1 0.542361 0.182639 0.006944 0.034722
1 0.5375 0.185417 0.006944 0.0375
1 0.265972 0.395139 0.013889 0.059722
1 0.244792 0.40625 0.01875 0.0625
1 0.224306 0.425694 0.016667 0.0625
