1 0.968056 0.554167 0.034722 0.097222
1 0.949653 0.5375 0.034028 0.097222
1 0.922569 0.533333 0.034028 0.102778
1 0.930556 0.430556 0.023611 0.088889
1 0.507986 0.418056 0.011806 0.086111
1 0.528125 0.275694 0.011806 0.0625
1 0.588542 0.196528 0.011806 0.056944
1 0.636806 0.316667 0.0125 0.038889
1 0.646181 0.306944 0.010417 0.038889
5 0.642361 0.331944 0.059722 0.097222
1 0.523611 0.19375 0.009722 0.059722
1 0.519097 0.185417 0.00625 0.056944
1 0.512153 0.176389 0.009028 0.061111
1 0.501042 0.179167 0.007639 0.055556
1 0.494097 0.184028 0.009028 0.051389
1 0.496528 0.172917 0.005556 0.0625
1 0.482639 0.170139 0.008333 0.054167
1 0.465972 0.181944 0.009722 0.052778
1 0.452083 0.178472 0.009722 0.054167
1 0.446875 0.178472 0.009028 0.051389
1 0.459375 0.1375 0.013194 0.047222
1 0.400694 0.2 0.0125 0.058333
1 0.388889 0.200694 0.011111 0.051389
1 0.275694 0.138889 0.013889 0.047222
1 0.285069 0.189583 0.013194 0.048611
1 0.277431 0.189583 0.014583 0.045833
1 0.184722 0.179861 0.013889 0.048611
1 0.172569 0.174306 0.014583 0.045833
3 0.226389 0.209722 0.088889 0.055556
3 0.092014 0.173611 0.086806 0.052778
5 0.433333 0.143056 0.0375 0.097222
3 0.195139 0.761111 0.390278 0.477778
0 0.807639 0.010417 0.016667 0.018056
0 0.796875 0.009722 0.011806 0.016667
0 0.782639 0.011806 0.023611 0.020833
