3 0.538542 0.849306 0.675694 0.301389
3 0.564236 0.484028 0.215972 0.129167
3 0.854514 0.409722 0.145139 0.080556
3 0.638194 0.299306 0.126389 0.051389
3 0.314931 0.409028 0.104861 0.084722
1 0.958681 0.441667 0.015972 0.069444
1 0.95 0.417361 0.019444 0.051389
1 0.893403 0.345139 0.011806 0.059722
1 0.802083 0.425 0.011111 0.066667
1 0.795486 0.342361 0.010417 0.045833
1 0.781944 0.336806 0.009722 0.054167
1 0.732639 0.438889 0.013889 0.069444
1 0.652431 0.340972 0.009028 0.048611
1 0.532639 0.322222 0.008333 0.044444
1 0.476042 0.313194 0.00625 0.043056
1 0.481944 0.301389 0.006944 0.036111
1 0.489236 0.301389 0.004861 0.036111
1 0.495486 0.299306 0.004861 0.0375
1 0.500694 0.298611 0.006944 0.036111
1 0.172917 0.4 0.009722 0.052778
1 0.093056 0.556944 0.022222 0.080556
1 0.075347 0.566667 0.021528 0.077778
1 0.319097 0.498611 0.027083 0.058333
