1 0.995486 0.365278 0.007639 0.05
1 0.948958 0.370139 0.007639 0.043056
1 0.939236 0.372222 0.00625 0.041667
1 0.931944 0.370139 0.008333 0.051389
1 0.922917 0.370139 0.009722 0.056944
1 0.913542 0.363194 0.009028 0.054167
3 0.830208 0.403472 0.228472 0.101389
3 0.6625 0.425694 0.065278 0.106944
3 0.534375 0.427083 0.070139 0.118056
1 0.591667 0.335417 0.075 0.301389
2 0.646528 0.311111 0.036111 0.122222
2 0.736458 0.274306 0.065972 0.154167
2 0.886806 0.217361 0.225 0.165278
1 0.393403 0.361111 0.08125 0.266667
