3 0.480556 0.68125 0.559722 0.6375
1 0.956597 0.203472 0.015972 0.068056
1 0.944444 0.203472 0.013889 0.0625
3 0.913542 0.197917 0.020139 0.0625
5 0.93125 0.174306 0.061111 0.081944
1 0.767014 0.19375 0.011806 0.0625
1 0.704167 0.245833 0.016667 0.069444
1 0.746528 0.170833 0.011111 0.058333
1 0.736111 0.152083 0.008333 0.048611
1 0.650694 0.11875 0.008333 0.034722
3 0.687153 0.164583 0.08125 0.045833
1 0.623264 0.307639 0.011806 0.073611
1 0.5625 0.289583 0.011111 0.065278
6 0.517361 0.204167 0.018056 0.038889
2 0.532639 0.139583 0.040278 0.081944
2 0.595139 0.144444 0.081944 0.083333
3 0.480556 0.225694 0.152778 0.093056
1 0.499306 0.123611 0.008333 0.044444
1 0.484028 0.117361 0.006944 0.040278
1 0.384028 0.101389 0.006944 0.047222
1 0.391667 0.105556 0.006944 0.036111
1 0.397569 0.102778 0.00625 0.033333
1 0.402778 0.102083 0.006944 0.034722
3 0.229861 0.214583 0.068056 0.068056
1 0.075 0.345833 0.020833 0.072222
1 0.05 0.357639 0.026389 0.070833
2 0.570486 0.048611 0.028472 0.088889
