1 0.952778 0.317361 0.019444 0.0625
1 0.941319 0.317361 0.014583 0.059722
1 0.910069 0.308333 0.01875 0.058333
1 0.904514 0.3375 0.020139 0.066667
1 0.993056 0.329861 0.0125 0.070833
1 0.728472 0.398611 0.013889 0.072222
1 0.736458 0.39375 0.013194 0.068056
1 0.753472 0.253472 0.011111 0.048611
1 0.738889 0.247917 0.008333 0.048611
1 0.724653 0.2 0.007639 0.044444
1 0.655208 0.20625 0.009028 0.0375
1 0.645486 0.199306 0.007639 0.043056
1 0.554167 0.213194 0.008333 0.043056
1 0.554167 0.179861 0.008333 0.040278
1 0.602083 0.298611 0.011111 0.041667
6 0.522569 0.298611 0.020139 0.036111
2 0.530903 0.261806 0.036806 0.054167
2 0.634028 0.147917 0.051389 0.059722
1 0.389236 0.186806 0.009028 0.034722
1 0.398264 0.186111 0.007639 0.036111
1 0.403472 0.186111 0.006944 0.036111
1 0.407986 0.184028 0.007639 0.0375
1 0.387847 0.386111 0.013194 0.066667
1 0.09375 0.449306 0.022222 0.068056
1 0.068056 0.461111 0.025 0.066667
3 0.491319 0.750694 0.565972 0.498611
3 0.485764 0.327778 0.159028 0.1
3 0.26875 0.29375 0.15 0.093056
3 0.696528 0.25625 0.069444 0.043056
3 0.490625 0.177083 0.099306 0.054167
5 0.927431 0.270139 0.059028 0.106944
