3 0.492708 0.754167 0.567361 0.491666
3 0.241319 0.327778 0.096528 0.083333
3 0.485764 0.35 0.153472 0.1
3 0.697917 0.279861 0.0625 0.043056
3 0.510417 0.211806 0.034722 0.045833
1 0.952778 0.336806 0.016667 0.0625
1 0.940278 0.336111 0.0125 0.058333
1 0.910417 0.327778 0.016667 0.061111
5 0.926736 0.290972 0.05625 0.104167
1 0.768403 0.398611 0.013194 0.072222
1 0.7 0.431944 0.013889 0.072222
1 0.684028 0.419444 0.016667 0.061111
1 0.771875 0.298611 0.011806 0.055556
1 0.75625 0.290278 0.011111 0.05
1 0.736458 0.272222 0.007639 0.047222
1 0.722569 0.227083 0.007639 0.043056
1 0.653125 0.234028 0.007639 0.040278
1 0.644444 0.227083 0.006944 0.043056
1 0.525347 0.245833 0.007639 0.038889
1 0.489236 0.23125 0.00625 0.040278
1 0.422569 0.390278 0.01875 0.066667
1 0.391667 0.217361 0.009722 0.034722
1 0.399306 0.215972 0.008333 0.034722
1 0.404514 0.214583 0.00625 0.034722
1 0.408681 0.213194 0.007639 0.0375
1 0.091319 0.471528 0.020139 0.068056
1 0.066667 0.486806 0.025 0.070833
6 0.517708 0.324306 0.015972 0.031944
2 0.555903 0.239583 0.061806 0.106944
2 0.607292 0.184028 0.060417 0.143056
3 0.452431 0.213889 0.057639 0.058333
