3 0.623611 0.731944 0.586111 0.536111
3 0.85 0.278472 0.109722 0.073611
3 0.646181 0.178472 0.140972 0.034722
3 0.620833 0.324306 0.161111 0.084722
3 0.413542 0.263889 0.127083 0.066667
1 0.938194 0.300694 0.013889 0.054167
1 0.912847 0.277778 0.015972 0.055556
1 0.905556 0.221528 0.0125 0.051389
1 0.878472 0.361806 0.013889 0.070833
1 0.869792 0.369444 0.015972 0.069444
1 0.811111 0.221528 0.011111 0.040278
3 0.801042 0.213194 0.009028 0.045833
1 0.747569 0.298611 0.011806 0.055556
1 0.756944 0.247917 0.013889 0.045833
1 0.732292 0.204167 0.007639 0.036111
6 0.654861 0.303472 0.023611 0.018056
2 0.671528 0.25625 0.041667 0.073611
2 0.745486 0.192361 0.034028 0.104167
2 0.703472 0.227083 0.040278 0.045833
1 0.547222 0.170139 0.005556 0.0375
1 0.542708 0.176389 0.00625 0.033333
1 0.537153 0.176389 0.007639 0.036111
1 0.530903 0.177778 0.007639 0.038889
1 0.511806 0.097917 0.005556 0.026389
1 0.528819 0.370139 0.014583 0.076389
1 0.257292 0.376389 0.017361 0.063889
1 0.239931 0.386111 0.017361 0.063889
1 0.123264 0.384722 0.022917 0.063889
