1 0.951389 0.429861 0.009722 0.051389
1 0.940278 0.428472 0.009722 0.056944
1 0.934375 0.439583 0.010417 0.051389
1 0.928125 0.431944 0.007639 0.052778
1 0.922222 0.429167 0.008333 0.05
1 0.913542 0.428472 0.011806 0.054167
1 0.901736 0.427083 0.011806 0.0375
3 0.832292 0.464583 0.245139 0.115278
3 0.598958 0.486111 0.19375 0.097222
2 0.614236 0.321528 0.070139 0.1375
2 0.930903 0.223611 0.136806 0.175
2 0.677083 0.26875 0.054167 0.126389
1 0.257639 0.479167 0.015278 0.05
1 0.230903 0.484028 0.020139 0.070833
1 0.169792 0.49375 0.024306 0.1125
