1 0.936458 0.708333 0.035417 0.105556
1 0.964236 0.640278 0.028472 0.052778
1 0.973264 0.600694 0.020139 0.0875
1 0.944444 0.603472 0.026389 0.070833
5 0.7 0.511111 0.069444 0.097222
1 0.703125 0.494444 0.017361 0.041667
1 0.702431 0.479861 0.017361 0.040278
1 0.601736 0.488194 0.01875 0.051389
1 0.602778 0.334722 0.0125 0.052778
1 0.537847 0.3875 0.011806 0.063889
1 0.540278 0.321528 0.008333 0.0625
1 0.535764 0.318056 0.00625 0.052778
1 0.527778 0.308333 0.009722 0.058333
1 0.517014 0.311111 0.00625 0.052778
1 0.510069 0.315972 0.007639 0.051389
1 0.511111 0.301389 0.006944 0.055556
1 0.500694 0.305556 0.008333 0.058333
1 0.484375 0.308333 0.007639 0.055556
1 0.478819 0.297917 0.00625 0.051389
1 0.471528 0.3 0.008333 0.044444
1 0.496181 0.178472 0.010417 0.043056
5 0.452431 0.271528 0.036806 0.084722
1 0.405556 0.327083 0.008333 0.056944
1 0.398264 0.329861 0.010417 0.054167
0 0.822569 0.147222 0.020139 0.022222
0 0.812153 0.149306 0.015972 0.020833
0 0.800694 0.148611 0.022222 0.027778
1 0.311458 0.314583 0.011806 0.048611
1 0.298264 0.309722 0.014583 0.044444
1 0.293056 0.255556 0.011111 0.041667
1 0.209722 0.295833 0.0125 0.047222
1 0.198958 0.289583 0.014583 0.043056
3 0.168403 0.816667 0.336806 0.366666
3 0.253819 0.330556 0.071528 0.058333
3 0.075347 0.297917 0.150694 0.095833
3 0.032986 0.527083 0.065972 0.095833
