1 0.953125 0.338889 0.017361 0.063889
1 0.909722 0.33125 0.018056 0.056944
1 0.940972 0.336111 0.018056 0.063889
1 0.854861 0.410417 0.018056 0.068056
1 0.760764 0.292361 0.010417 0.054167
1 0.751736 0.277083 0.010417 0.043056
1 0.735764 0.274306 0.009028 0.048611
1 0.992708 0.347917 0.013194 0.070833
1 0.722222 0.228472 0.008333 0.045833
1 0.730556 0.418056 0.011111 0.069444
1 0.737847 0.411806 0.010417 0.068056
1 0.652431 0.233333 0.009028 0.038889
1 0.644444 0.229167 0.005556 0.038889
1 0.553819 0.242361 0.007639 0.043056
1 0.492014 0.233333 0.007639 0.038889
1 0.391667 0.217361 0.009722 0.034722
1 0.4 0.216667 0.008333 0.036111
1 0.405556 0.213889 0.006944 0.036111
1 0.410417 0.213194 0.008333 0.0375
1 0.388542 0.408333 0.014583 0.066667
3 0.486111 0.349306 0.15 0.093056
6 0.519792 0.328472 0.017361 0.023611
2 0.535417 0.320139 0.013889 0.048611
2 0.560069 0.286111 0.047917 0.052778
2 0.595486 0.241667 0.034028 0.102778
2 0.676389 0.20625 0.034722 0.0875
3 0.685069 0.28125 0.084028 0.054167
3 0.485764 0.205556 0.099306 0.047222
3 0.247917 0.327083 0.079167 0.065278
1 0.094097 0.471528 0.021528 0.070833
1 0.069097 0.484028 0.025694 0.068056
3 0.488542 0.759722 0.540972 0.480556
