1 0.992014 0.378472 0.014583 0.076389
1 0.957292 0.318056 0.01875 0.063889
1 0.946181 0.314583 0.015972 0.065278
1 0.916667 0.30625 0.022222 0.068056
1 0.860417 0.317361 0.016667 0.068056
1 0.738542 0.394444 0.013194 0.069444
1 0.730903 0.4 0.014583 0.072222
1 0.755903 0.252083 0.009028 0.054167
1 0.742708 0.249306 0.009028 0.054167
1 0.729167 0.198611 0.009722 0.052778
1 0.657639 0.204861 0.008333 0.043056
1 0.648264 0.196528 0.009028 0.043056
6 0.521875 0.304861 0.017361 0.018056
3 0.69375 0.254861 0.081944 0.0375
1 0.605556 0.295139 0.011111 0.043056
1 0.555903 0.210417 0.007639 0.040278
1 0.549653 0.178472 0.007639 0.040278
1 0.489236 0.326389 0.149306 0.102778
2 0.530556 0.264583 0.027778 0.065278
2 0.578125 0.220833 0.064583 0.102778
1 0.389931 0.186111 0.007639 0.033333
1 0.398264 0.184722 0.007639 0.033333
1 0.403819 0.183333 0.007639 0.033333
1 0.407986 0.179167 0.007639 0.033333
1 0.388889 0.388194 0.016667 0.070833
1 0.094792 0.45 0.022917 0.069444
1 0.070139 0.4625 0.026389 0.069444
3 0.484722 0.743056 0.552778 0.513888
5 0.932639 0.270139 0.058333 0.106944
3 0.492708 0.179167 0.08125 0.044444
3 0.254167 0.301389 0.113889 0.047222
