3 0.496181 0.743056 0.59375 0.513888
3 0.680903 0.255556 0.097917 0.058333
3 0.513542 0.177083 0.135417 0.054167
3 0.265972 0.296528 0.148611 0.106944
1 0.990278 0.330556 0.018056 0.066667
1 0.961111 0.35625 0.025 0.065278
1 0.945833 0.31875 0.013889 0.059722
1 0.935764 0.317361 0.014583 0.054167
1 0.90625 0.309722 0.018056 0.061111
5 0.923264 0.270833 0.054861 0.105556
1 0.725 0.398611 0.0125 0.069444
1 0.732986 0.392361 0.010417 0.068056
1 0.750694 0.251389 0.009722 0.047222
1 0.734028 0.249306 0.008333 0.048611
1 0.722569 0.201389 0.007639 0.047222
1 0.651736 0.205556 0.007639 0.038889
1 0.642708 0.199306 0.007639 0.048611
1 0.6 0.295139 0.008333 0.040278
1 0.518056 0.300694 0.020833 0.031944
2 0.556597 0.2375 0.05625 0.094444
2 0.609375 0.243056 0.053472 0.088889
2 0.735069 0.204167 0.113194 0.136111
3 0.485417 0.327083 0.151389 0.098611
1 0.395833 0.379167 0.013889 0.069444
1 0.386458 0.184028 0.007639 0.0375
1 0.40625 0.18125 0.009722 0.040278
1 0.402083 0.184722 0.006944 0.036111
1 0.396875 0.185417 0.009028 0.0375
1 0.090278 0.445833 0.022222 0.069444
1 0.064931 0.459028 0.022917 0.068056
