3 0.836458 0.554861 0.225694 0.1375
1 0.820486 0.63125 0.020139 0.104167
1 0.976736 0.574306 0.03125 0.084722
1 0.935417 0.473611 0.020833 0.077778
1 0.734722 0.456944 0.013889 0.066667
1 0.714236 0.435417 0.015972 0.0625
1 0.535069 0.893056 0.035417 0.119444
1 0.562847 0.85625 0.025694 0.079167
1 0.413542 0.439583 0.014583 0.059722
3 0.436111 0.834028 0.401389 0.331944
3 0.071875 0.634722 0.14375 0.136111
3 0.468403 0.35625 0.249306 0.090278
1 0.253125 0.3875 0.014583 0.055556
1 0.279167 0.407639 0.009722 0.056944
1 0.288889 0.404167 0.009722 0.058333
1 0.296875 0.398611 0.009028 0.052778
1 0.305556 0.395139 0.009722 0.056944
1 0.239236 0.357639 0.010417 0.040278
