3 0.584722 0.853472 0.829167 0.293056
3 0.565625 0.494444 0.215972 0.130556
3 0.292708 0.420139 0.090972 0.093056
3 0.858681 0.420833 0.161806 0.086111
3 0.639583 0.304167 0.133333 0.052778
1 0.961458 0.452778 0.015972 0.075
1 0.953472 0.434028 0.019444 0.054167
1 0.897917 0.3625 0.011111 0.058333
1 0.805556 0.440278 0.0125 0.069444
1 0.797222 0.360417 0.0125 0.048611
1 0.785417 0.352778 0.009722 0.052778
1 0.732292 0.459028 0.015972 0.073611
1 0.653125 0.356944 0.010417 0.05
1 0.550694 0.334722 0.006944 0.044444
1 0.522917 0.343056 0.006944 0.047222
1 0.480208 0.314583 0.007639 0.040278
1 0.488542 0.315278 0.00625 0.038889
1 0.49375 0.313889 0.006944 0.038889
1 0.499653 0.311806 0.00625 0.043056
1 0.627083 0.497222 0.011111 0.066667
1 0.602083 0.51875 0.0125 0.056944
1 0.142361 0.444444 0.011111 0.055556
1 0.086806 0.569444 0.018056 0.080556
1 0.068403 0.579861 0.022917 0.081944
1 0.313194 0.509722 0.030556 0.061111
