3 0.635764 0.738889 0.577083 0.522222
3 0.885764 0.3125 0.104861 0.077778
3 0.694097 0.190278 0.14375 0.036111
3 0.433333 0.272222 0.102778 0.066667
3 0.648958 0.34375 0.161806 0.084722
1 0.948958 0.309028 0.015972 0.056944
1 0.947569 0.250694 0.014583 0.048611
1 0.911458 0.270139 0.011806 0.051389
1 0.842014 0.247222 0.011806 0.044444
1 0.832292 0.234722 0.007639 0.044444
1 0.70625 0.26875 0.013889 0.040278
1 0.685069 0.294444 0.010417 0.044444
1 0.575347 0.180556 0.00625 0.036111
1 0.569792 0.184722 0.004861 0.036111
1 0.565625 0.185417 0.00625 0.034722
1 0.558333 0.1875 0.008333 0.033333
1 0.561458 0.395833 0.014583 0.041667
1 0.288889 0.384028 0.011111 0.059722
1 0.277083 0.384028 0.0125 0.054167
1 0.272569 0.393056 0.013194 0.058333
