3 0.436111 0.676389 0.401389 0.413889
1 0.538542 0.686806 0.038194 0.109722
1 0.564931 0.648611 0.028472 0.077778
1 0.826736 0.439583 0.021528 0.101389
1 0.956597 0.272917 0.025694 0.084722
1 0.747917 0.251389 0.013889 0.077778
1 0.728125 0.23125 0.015972 0.070833
3 0.853125 0.3625 0.239583 0.147222
3 0.474653 0.175694 0.275694 0.095833
1 0.4125 0.231944 0.0125 0.058333
1 0.24375 0.179861 0.015278 0.056944
1 0.202083 0.149306 0.018056 0.043056
1 0.273264 0.201389 0.010417 0.058333
1 0.283333 0.2 0.011111 0.058333
1 0.289931 0.195833 0.010417 0.058333
1 0.298264 0.189583 0.013194 0.059722
3 0.054167 0.454167 0.108333 0.155556
