3 0.540625 0.852778 0.686806 0.294444
3 0.576042 0.491667 0.210417 0.127778
3 0.308681 0.413194 0.090972 0.093056
3 0.632292 0.302083 0.128472 0.051389
3 0.862153 0.417361 0.145139 0.084722
1 0.972222 0.452778 0.018056 0.072222
1 0.964583 0.43125 0.019444 0.051389
1 0.907986 0.357639 0.013194 0.0625
1 0.813194 0.435417 0.0125 0.070833
1 0.742014 0.452778 0.015972 0.066667
1 0.803819 0.354167 0.009028 0.052778
1 0.794444 0.349306 0.009722 0.054167
1 0.661806 0.349306 0.008333 0.048611
1 0.55625 0.327778 0.008333 0.044444
1 0.5 0.325 0.005556 0.044444
1 0.488889 0.309028 0.008333 0.0375
1 0.497569 0.307639 0.004861 0.034722
1 0.502778 0.30625 0.006944 0.034722
1 0.508681 0.304861 0.00625 0.0375
1 0.176389 0.417361 0.011111 0.054167
1 0.102778 0.564583 0.019444 0.081944
1 0.087153 0.578472 0.022917 0.084722
1 0.326736 0.506944 0.027083 0.05
