5 0.960069 0.647917 0.078472 0.254167
1 0.857292 0.625 0.03125 0.1
1 0.884028 0.636111 0.022222 0.094444
1 0.886806 0.588889 0.018056 0.047222
1 0.889583 0.530556 0.029167 0.075
1 0.858333 0.525694 0.019444 0.073611
5 0.638194 0.480556 0.066667 0.091667
1 0.642361 0.465972 0.013889 0.043056
1 0.636806 0.452778 0.015278 0.041667
1 0.525347 0.457639 0.013194 0.076389
1 0.538194 0.325 0.009722 0.05
1 0.475694 0.380556 0.011111 0.052778
1 0.476736 0.31875 0.007639 0.059722
1 0.471875 0.316667 0.004861 0.055556
1 0.463889 0.308333 0.008333 0.052778
1 0.453125 0.311806 0.00625 0.051389
1 0.446181 0.315972 0.007639 0.045833
1 0.446875 0.301389 0.00625 0.047222
1 0.435764 0.304167 0.007639 0.047222
1 0.419097 0.3125 0.007639 0.052778
1 0.405903 0.311806 0.00625 0.054167
1 0.4 0.311806 0.005556 0.048611
5 0.386806 0.275 0.0375 0.083333
1 0.390625 0.220139 0.011806 0.031944
1 0.350694 0.335417 0.0125 0.054167
1 0.339583 0.336111 0.0125 0.052778
1 0.232639 0.328472 0.013889 0.045833
1 0.225 0.33125 0.013889 0.045833
1 0.224306 0.280556 0.0125 0.041667
1 0.125347 0.325 0.014583 0.047222
1 0.115278 0.322222 0.016667 0.047222
3 0.151736 0.831944 0.303472 0.336111
3 0.173264 0.359028 0.090972 0.068056
3 0.029514 0.320833 0.059028 0.069444
0 0.729514 0.138194 0.01875 0.020833
0 0.722569 0.140972 0.010417 0.018056
0 0.710069 0.14375 0.020139 0.029167
