3 0.735069 0.878472 0.215972 0.243056
3 0.409028 0.600694 0.445833 0.540278
5 0.984028 0.404167 0.030556 0.102778
1 0.914583 0.375 0.023611 0.055556
1 0.939583 0.244444 0.018056 0.066667
1 0.846528 0.268056 0.019444 0.058333
1 0.862153 0.213889 0.010417 0.061111
1 0.85625 0.209722 0.009722 0.055556
1 0.847569 0.2 0.014583 0.055556
1 0.835417 0.198611 0.011111 0.055556
1 0.826389 0.200694 0.011111 0.048611
1 0.830208 0.19375 0.010417 0.054167
1 0.818056 0.1875 0.008333 0.058333
1 0.813194 0.183333 0.008333 0.055556
1 0.793403 0.180556 0.010417 0.052778
1 0.785417 0.179861 0.009722 0.051389
1 0.751389 0.173611 0.011111 0.044444
5 0.769792 0.1625 0.036806 0.061111
1 0.646181 0.133333 0.009028 0.038889
1 0.641319 0.160417 0.00625 0.045833
1 0.634028 0.155556 0.008333 0.041667
1 0.619792 0.152778 0.009028 0.047222
3 0.588194 0.161111 0.054167 0.044444
1 0.550347 0.122222 0.00625 0.038889
1 0.541319 0.120139 0.007639 0.040278
3 0.413889 0.23125 0.115278 0.093056
1 0.321528 0.123611 0.006944 0.038889
1 0.316319 0.128472 0.004861 0.034722
1 0.313542 0.128472 0.009028 0.0375
1 0.275 0.057639 0.008333 0.0375
1 0.205903 0.280556 0.009028 0.047222
1 0.197569 0.288889 0.009028 0.047222
3 0.156944 0.252083 0.072222 0.084722
1 0.010069 0.447917 0.020138 0.070833
3 0.425 0.10625 0.119444 0.081944
