3 0.482986 0.744444 0.547917 0.511111
3 0.239931 0.330556 0.085417 0.080556
3 0.485069 0.350694 0.157639 0.101389
3 0.688194 0.272917 0.070833 0.040278
6 0.522222 0.320139 0.020833 0.031944
2 0.534375 0.276389 0.032639 0.05
2 0.591667 0.252778 0.102778 0.127778
2 0.847222 0.254167 0.1 0.230556
1 0.990625 0.345833 0.017361 0.066667
1 0.948611 0.332639 0.018056 0.059722
1 0.936458 0.33125 0.014583 0.056944
1 0.905903 0.326389 0.017361 0.061111
1 0.779514 0.397917 0.014583 0.068056
1 0.726042 0.406944 0.010417 0.063889
1 0.717361 0.416667 0.013889 0.069444
1 0.759375 0.2875 0.010417 0.055556
1 0.753472 0.281944 0.009722 0.052778
1 0.734028 0.270139 0.008333 0.051389
1 0.720139 0.221528 0.008333 0.043056
1 0.651042 0.229167 0.009028 0.041667
1 0.641667 0.227083 0.006944 0.043056
1 0.489931 0.227778 0.009028 0.041667
1 0.391319 0.215972 0.007639 0.034722
1 0.399306 0.215278 0.008333 0.036111
1 0.404514 0.213889 0.007639 0.038889
1 0.409722 0.2125 0.009722 0.041667
1 0.3875 0.404861 0.013889 0.070833
1 0.089931 0.468056 0.020139 0.069444
1 0.065972 0.479167 0.025 0.069444
5 0.923611 0.286806 0.056944 0.090278
