3 0.535764 0.765972 0.614583 0.468056
1 0.914931 0.368056 0.01875 0.066667
1 0.871181 0.296528 0.011806 0.056944
1 0.784028 0.363889 0.0125 0.061111
1 0.782639 0.3 0.011111 0.044444
1 0.772569 0.293056 0.009028 0.05
1 0.721528 0.374306 0.013889 0.065278
1 0.681944 0.409722 0.011111 0.061111
1 0.644444 0.422917 0.015278 0.0625
1 0.655556 0.3 0.009722 0.05
3 0.576736 0.400694 0.189583 0.081944
3 0.6125 0.269444 0.080556 0.052778
1 0.561458 0.282639 0.007639 0.040278
1 0.547917 0.295139 0.008333 0.045833
1 0.512847 0.263194 0.004861 0.040278
1 0.508681 0.266667 0.00625 0.041667
1 0.495833 0.270139 0.006944 0.040278
3 0.849306 0.360417 0.097222 0.095833
3 0.344792 0.354167 0.086806 0.069444
1 0.204167 0.404167 0.0125 0.061111
1 0.180903 0.4625 0.013194 0.069444
1 0.166319 0.46875 0.015972 0.073611
