3 0.492014 0.861111 0.414583 0.277778
1 0.989931 0.675 0.015972 0.063889
1 0.972569 0.75625 0.024306 0.056944
1 0.89375 0.684028 0.013889 0.056944
1 0.908333 0.647917 0.008333 0.056944
1 0.901736 0.648611 0.00625 0.055556
1 0.89375 0.640972 0.011111 0.054167
1 0.88125 0.6375 0.009722 0.052778
1 0.873264 0.638194 0.009028 0.056944
1 0.863889 0.628472 0.011111 0.051389
1 0.869444 0.570139 0.011111 0.0375
1 0.842708 0.632639 0.010417 0.045833
1 0.832639 0.628472 0.009722 0.043056
5 0.816667 0.609028 0.029167 0.068056
1 0.800694 0.625694 0.009722 0.043056
1 0.698264 0.600694 0.007639 0.040278
1 0.695833 0.620833 0.006944 0.038889
1 0.689583 0.61875 0.005556 0.0375
1 0.675694 0.6125 0.006944 0.036111
1 0.611806 0.592361 0.005556 0.031944
1 0.603819 0.592361 0.00625 0.034722
1 0.413889 0.593056 0.005556 0.033333
1 0.410417 0.595139 0.004167 0.0375
1 0.40625 0.595833 0.005556 0.038889
1 0.375347 0.554861 0.00625 0.029167
1 0.30625 0.670833 0.009722 0.044444
1 0.280208 0.684722 0.009028 0.058333
1 0.165278 0.726389 0.016667 0.066667
