3 0.496181 0.24375 0.257639 0.115278
3 0.066667 0.515278 0.133333 0.158333
3 0.462153 0.73125 0.403472 0.4125
1 0.586111 0.701389 0.033333 0.077778
1 0.562153 0.736806 0.034028 0.115278
1 0.855556 0.490972 0.019444 0.104167
1 0.770486 0.3 0.011806 0.069444
1 0.749306 0.284028 0.015278 0.065278
3 0.883681 0.406944 0.23125 0.141667
1 0.280903 0.273611 0.013194 0.055556
1 0.243403 0.148611 0.00625 0.038889
1 0.290278 0.266667 0.009722 0.055556
1 0.297569 0.25625 0.009028 0.056944
1 0.305556 0.253472 0.009722 0.056944
1 0.313194 0.247917 0.011111 0.056944
1 0.319792 0.242361 0.011806 0.054167
