1 0.985417 0.577778 0.027778 0.080556
1 0.959028 0.658333 0.038889 0.091667
1 0.949306 0.635417 0.034722 0.095833
1 0.917361 0.638889 0.036111 0.102778
1 0.924653 0.54375 0.017361 0.065278
5 0.678125 0.464583 0.070139 0.101389
1 0.683333 0.448611 0.013889 0.038889
1 0.679861 0.4375 0.013889 0.036111
1 0.507639 0.515972 0.0125 0.084722
1 0.588194 0.302083 0.0125 0.054167
1 0.520833 0.369444 0.0125 0.063889
1 0.526389 0.293056 0.006944 0.061111
1 0.519792 0.290278 0.007639 0.055556
1 0.511806 0.279861 0.008333 0.059722
1 0.501389 0.286111 0.006944 0.052778
1 0.494097 0.2875 0.007639 0.05
1 0.497569 0.277778 0.007639 0.058333
1 0.482986 0.276389 0.007639 0.052778
1 0.467708 0.283333 0.009028 0.052778
1 0.454167 0.281944 0.008333 0.052778
1 0.446528 0.284722 0.008333 0.05
1 0.458681 0.244444 0.010417 0.044444
1 0.401389 0.298611 0.009722 0.063889
1 0.389236 0.303472 0.009028 0.059722
5 0.435764 0.246528 0.039583 0.084722
1 0.285764 0.289583 0.011806 0.045833
1 0.278472 0.288889 0.0125 0.044444
1 0.278125 0.239583 0.011806 0.048611
1 0.187153 0.277778 0.014583 0.044444
1 0.175347 0.272222 0.014583 0.047222
3 0.227778 0.308333 0.090278 0.044444
3 0.062847 0.28125 0.125694 0.076389
3 0.178472 0.820139 0.356944 0.359722
