3 0.612847 0.727778 0.557639 0.544444
3 0.839583 0.29375 0.115278 0.084722
1 0.857986 0.4125 0.014583 0.066667
1 0.867708 0.397917 0.014583 0.0625
1 0.934028 0.316667 0.013889 0.058333
1 0.906944 0.294444 0.0125 0.055556
1 0.893056 0.236111 0.011111 0.05
1 0.806944 0.232639 0.011111 0.040278
1 0.797917 0.226389 0.009722 0.047222
1 0.730903 0.213194 0.007639 0.034722
1 0.705208 0.232639 0.011806 0.043056
6 0.651736 0.309028 0.01875 0.023611
2 0.673264 0.235417 0.059028 0.129167
2 0.75 0.259028 0.061111 0.106944
3 0.615278 0.336111 0.176389 0.088889
1 0.512847 0.379861 0.011806 0.068056
1 0.5125 0.099306 0.004167 0.026389
1 0.529514 0.178472 0.00625 0.034722
1 0.535764 0.179167 0.00625 0.036111
1 0.542014 0.178472 0.003472 0.034722
1 0.545833 0.177778 0.005556 0.036111
3 0.389931 0.271528 0.096528 0.068056
1 0.257986 0.381944 0.014583 0.063889
1 0.240625 0.386806 0.015972 0.065278
1 0.051736 0.315278 0.022917 0.061111
