5 0.942361 0.634722 0.1 0.144444
1 0.948958 0.623611 0.021528 0.05
1 0.946528 0.60625 0.025 0.045833
1 0.814583 0.568056 0.022222 0.058333
1 0.828819 0.389583 0.017361 0.059722
1 0.744097 0.427083 0.017361 0.059722
1 0.754514 0.359722 0.010417 0.061111
1 0.751042 0.352083 0.009028 0.056944
1 0.740625 0.339583 0.010417 0.0625
1 0.728819 0.339583 0.010417 0.056944
1 0.720486 0.341667 0.011806 0.052778
1 0.724306 0.329861 0.008333 0.059722
1 0.711458 0.328472 0.009028 0.054167
1 0.706597 0.320139 0.007639 0.051389
1 0.688889 0.317361 0.0125 0.054167
1 0.679861 0.315972 0.011111 0.048611
1 0.644792 0.309028 0.009028 0.051389
1 0.713194 0.195139 0.011111 0.040278
5 0.661806 0.285417 0.034722 0.093056
1 0.533681 0.272222 0.009028 0.044444
1 0.532292 0.3 0.009028 0.044444
1 0.524653 0.3 0.009028 0.044444
1 0.509375 0.290278 0.009028 0.044444
1 0.436458 0.259722 0.009028 0.041667
1 0.426736 0.254167 0.009028 0.041667
1 0.165972 0.273611 0.006944 0.038889
1 0.171528 0.269444 0.006944 0.038889
1 0.179514 0.268056 0.011806 0.041667
1 0.11875 0.175694 0.006944 0.0375
3 0.469097 0.299306 0.061806 0.056944
3 0.307986 0.246528 0.117361 0.068056
3 0.260764 0.422917 0.161806 0.151389
3 0.25 0.784028 0.5 0.431944
