3 0.672917 0.690972 0.5375 0.618056
3 0.952431 0.253472 0.09375 0.065278
1 0.923958 0.2 0.014583 0.044444
1 0.912153 0.19375 0.013194 0.051389
1 0.869444 0.26875 0.013889 0.059722
1 0.857639 0.265972 0.013889 0.056944
1 0.707986 0.290972 0.16875 0.081944
1 0.595139 0.323611 0.016667 0.052778
1 0.645486 0.122917 0.00625 0.043056
1 0.639236 0.125 0.00625 0.036111
1 0.634028 0.128472 0.006944 0.0375
1 0.626736 0.125 0.00625 0.036111
3 0.499306 0.207639 0.094444 0.065278
1 0.350347 0.29375 0.009028 0.054167
1 0.365972 0.295833 0.011111 0.058333
1 0.371875 0.28125 0.013194 0.051389
0 0.110764 0.031944 0.022917 0.022222
0 0.130903 0.031944 0.017361 0.013889
0 0.010764 0.016667 0.021528 0.016667
0 0.038889 0.013194 0.019444 0.0125
0 0.058333 0.014583 0.019444 0.0125
0 0.097917 0.011806 0.020833 0.0125
0 0.134375 0.007639 0.010417 0.009722
0 0.146528 0.006944 0.011111 0.011111
