3 0.619097 0.729167 0.584028 0.541666
3 0.627083 0.333333 0.158333 0.080556
3 0.421181 0.276389 0.120139 0.069444
3 0.855556 0.296528 0.094444 0.054167
3 0.674306 0.185417 0.154167 0.045833
1 0.915278 0.29375 0.0125 0.054167
1 0.859028 0.335417 0.019444 0.056944
1 0.914236 0.234722 0.013194 0.05
1 0.827778 0.247222 0.0125 0.047222
1 0.813542 0.234722 0.010417 0.041667
1 0.803819 0.227778 0.009028 0.047222
1 0.743403 0.268056 0.014583 0.047222
1 0.645833 0.289583 0.008333 0.040278
1 0.552778 0.177778 0.005556 0.038889
1 0.547222 0.180556 0.005556 0.036111
1 0.543403 0.18125 0.00625 0.0375
1 0.536458 0.186111 0.007639 0.036111
1 0.518403 0.100694 0.00625 0.029167
1 0.264931 0.388194 0.011806 0.059722
1 0.253125 0.404167 0.015972 0.066667
1 0.242708 0.399306 0.01875 0.059722
