1 0.958681 0.229861 0.01875 0.065278
1 0.913889 0.221528 0.016667 0.065278
1 0.944444 0.230556 0.013889 0.061111
5 0.931597 0.186111 0.059028 0.1
1 0.758333 0.213889 0.013889 0.055556
1 0.744792 0.194444 0.009028 0.055556
1 0.737153 0.170833 0.007639 0.047222
1 0.724306 0.125694 0.008333 0.045833
1 0.705903 0.275 0.015972 0.066667
1 0.626042 0.336111 0.015972 0.080556
1 0.564236 0.316667 0.013194 0.069444
1 0.602431 0.225694 0.010417 0.056944
1 0.653472 0.131944 0.008333 0.047222
1 0.644097 0.127083 0.009028 0.045833
1 0.604514 0.205556 0.007639 0.047222
6 0.515625 0.229861 0.010417 0.023611
2 0.529514 0.203472 0.020139 0.043056
2 0.55625 0.095139 0.059722 0.1875
3 0.686458 0.18125 0.090972 0.059722
3 0.484028 0.246528 0.148611 0.090278
1 0.502083 0.139583 0.009722 0.043056
1 0.486458 0.132639 0.009028 0.040278
1 0.384375 0.120139 0.009028 0.0375
1 0.39375 0.120833 0.008333 0.036111
1 0.399306 0.11875 0.006944 0.034722
1 0.403819 0.116667 0.007639 0.038889
3 0.504167 0.097917 0.047222 0.029167
3 0.227431 0.236111 0.075694 0.083333
1 0.08125 0.370139 0.022222 0.073611
1 0.056597 0.384028 0.024306 0.070833
3 0.475 0.714583 0.540278 0.570833
