3 0.712847 0.704861 0.572917 0.590278
3 0.735069 0.328472 0.161806 0.076389
3 0.53125 0.248611 0.108333 0.055556
3 0.793403 0.186806 0.150694 0.043056
3 0.960764 0.295139 0.077083 0.056944
1 0.954514 0.243056 0.015972 0.044444
1 0.942014 0.2375 0.013194 0.052778
1 0.801042 0.254861 0.011806 0.045833
1 0.64375 0.35625 0.019444 0.040278
1 0.769097 0.295139 0.011806 0.029167
1 0.667361 0.163194 0.006944 0.0375
1 0.660764 0.168056 0.007639 0.033333
1 0.655903 0.170833 0.007639 0.036111
1 0.648264 0.169444 0.00625 0.036111
1 0.374653 0.327778 0.009028 0.055556
1 0.388889 0.325694 0.008333 0.051389
1 0.388889 0.293056 0.008333 0.036111
0 0.021875 0.065278 0.017361 0.013889
0 0.057292 0.0625 0.020139 0.013889
0 0.083333 0.059028 0.018056 0.015278
0 0.1 0.060417 0.013889 0.0125
0 0.137847 0.05625 0.015972 0.0125
0 0.170833 0.053472 0.011111 0.009722
0 0.182986 0.053472 0.010417 0.009722
