3 0.356944 0.914583 0.138889 0.170833
3 0.519792 0.434028 0.18125 0.120833
3 0.789931 0.704167 0.215972 0.216667
3 0.920833 0.730556 0.034722 0.105556
3 0.955208 0.727778 0.034028 0.097222
3 0.985417 0.43125 0.022222 0.076389
1 0.266319 0.567361 0.017361 0.084722
3 0.894097 0.351389 0.204861 0.061111
1 0.756597 0.319444 0.007639 0.052778
1 0.748611 0.320833 0.006944 0.047222
1 0.742708 0.321528 0.00625 0.045833
1 0.714931 0.295139 0.013194 0.0375
1 0.730903 0.31875 0.009028 0.048611
1 0.727083 0.310417 0.008333 0.045833
1 0.246181 0.573611 0.01875 0.083333
1 0.013194 0.259028 0.022222 0.076389
1 0.480556 0.603472 0.030556 0.0875
