1 0.951736 0.426389 0.010417 0.05
1 0.939583 0.428472 0.009722 0.059722
1 0.932639 0.4375 0.009722 0.055556
1 0.928125 0.427778 0.007639 0.052778
1 0.921528 0.43125 0.006944 0.051389
1 0.915625 0.431944 0.007639 0.052778
1 0.909375 0.423611 0.007639 0.044444
1 0.901389 0.425694 0.008333 0.040278
3 0.840625 0.465972 0.199306 0.115278
3 0.595486 0.486806 0.204861 0.101389
2 0.608681 0.363194 0.054861 0.081944
1 0.290278 0.476389 0.0125 0.052778
1 0.263194 0.477778 0.011111 0.05
1 0.219097 0.484028 0.015972 0.065278
