0 0.785764 0.14375 0.01875 0.020833
0 0.779167 0.147222 0.011111 0.019444
0 0.765972 0.147222 0.020833 0.027778
1 0.95 0.674306 0.033333 0.095833
1 0.937847 0.647917 0.028472 0.095833
1 0.910764 0.651389 0.03125 0.1
1 0.948264 0.55625 0.032639 0.090278
1 0.920486 0.545833 0.025694 0.086111
5 0.684375 0.4875 0.067361 0.094444
1 0.689583 0.46875 0.013889 0.043056
1 0.685069 0.457639 0.011806 0.040278
1 0.513542 0.474306 0.015972 0.073611
1 0.585069 0.325 0.011806 0.052778
1 0.517361 0.380556 0.0125 0.061111
1 0.522569 0.314583 0.007639 0.056944
1 0.516319 0.311806 0.00625 0.054167
1 0.509375 0.302083 0.007639 0.054167
1 0.497569 0.304861 0.00625 0.045833
1 0.491319 0.309028 0.007639 0.045833
1 0.490972 0.29375 0.006944 0.048611
1 0.480903 0.296528 0.007639 0.048611
1 0.464931 0.30625 0.009028 0.051389
1 0.451389 0.304167 0.006944 0.047222
1 0.444444 0.304167 0.006944 0.047222
5 0.432639 0.270833 0.034722 0.083333
1 0.431944 0.220833 0.006944 0.016667
1 0.398611 0.323611 0.0125 0.052778
1 0.386111 0.325694 0.011111 0.054167
1 0.284722 0.314583 0.011111 0.045833
1 0.277083 0.314583 0.0125 0.043056
1 0.276736 0.264583 0.011806 0.043056
1 0.186458 0.304167 0.011806 0.047222
1 0.176042 0.299306 0.013194 0.045833
3 0.173611 0.831944 0.347222 0.336111
3 0.231597 0.335417 0.077083 0.059722
3 0.061111 0.310417 0.122222 0.090278
