1 0.994792 0.363194 0.009028 0.051389
1 0.947222 0.372222 0.008333 0.047222
1 0.939931 0.373611 0.010417 0.055556
1 0.930556 0.369444 0.006944 0.044444
1 0.922917 0.368056 0.008333 0.055556
1 0.917708 0.36875 0.004861 0.054167
1 0.9125 0.370139 0.005556 0.045833
1 0.903819 0.3625 0.010417 0.033333
3 0.838889 0.404861 0.220833 0.120833
3 0.592361 0.425694 0.209722 0.098611
2 0.580208 0.345833 0.04375 0.061111
2 0.629514 0.309722 0.06875 0.113889
2 0.741667 0.227083 0.148611 0.170833
2 0.896528 0.220833 0.165278 0.169444
1 0.173958 0.393056 0.046528 0.238889
1 0.112153 0.413889 0.042361 0.205556
