3 0.480903 0.748611 0.620139 0.502778
1 0.992014 0.332639 0.014583 0.065278
1 0.950347 0.323611 0.014583 0.066667
1 0.937847 0.322917 0.014583 0.0625
1 0.894444 0.343056 0.015278 0.063889
1 0.907292 0.315972 0.017361 0.0625
5 0.921528 0.282639 0.056944 0.101389
1 0.702431 0.358333 0.013194 0.069444
1 0.747917 0.280556 0.011111 0.055556
1 0.732986 0.267361 0.010417 0.051389
1 0.718056 0.223611 0.008333 0.047222
1 0.647569 0.230556 0.007639 0.044444
1 0.640278 0.229861 0.006944 0.048611
1 0.577778 0.418056 0.013889 0.077778
1 0.560417 0.40625 0.0125 0.070833
1 0.575347 0.270833 0.009028 0.033333
1 0.516667 0.240972 0.008333 0.040278
1 0.508681 0.29375 0.010417 0.045833
2 0.519097 0.306944 0.034028 0.069444
2 0.540972 0.226389 0.020833 0.133333
3 0.485764 0.211806 0.08125 0.043056
3 0.680556 0.277778 0.083333 0.044444
3 0.479167 0.343056 0.152778 0.094444
1 0.384375 0.221528 0.009028 0.034722
1 0.392361 0.220833 0.006944 0.036111
1 0.397917 0.219444 0.005556 0.033333
1 0.402778 0.218056 0.006944 0.038889
1 0.465972 0.232639 0.008333 0.0375
1 0.231597 0.318056 0.089583 0.075
1 0.075347 0.455556 0.021528 0.072222
1 0.060764 0.465278 0.022917 0.072222
