5 0.923958 0.626389 0.09375 0.144444
1 0.928125 0.610417 0.024306 0.048611
1 0.925 0.595139 0.023611 0.045833
1 0.798611 0.557639 0.022222 0.054167
1 0.813194 0.384028 0.015278 0.056944
1 0.728819 0.420139 0.020139 0.065278
1 0.741319 0.352083 0.010417 0.065278
1 0.728472 0.333333 0.0125 0.061111
1 0.716667 0.334722 0.009722 0.05
1 0.708681 0.336111 0.009028 0.05
1 0.711806 0.323611 0.009722 0.05
1 0.698958 0.322222 0.007639 0.047222
1 0.692708 0.316667 0.007639 0.047222
1 0.670486 0.309722 0.007639 0.047222
1 0.678125 0.315278 0.007639 0.047222
1 0.633681 0.306944 0.010417 0.05
1 0.536458 0.307639 0.009028 0.048611
1 0.527778 0.270139 0.006944 0.045833
1 0.516667 0.297222 0.006944 0.047222
1 0.501736 0.288889 0.007639 0.047222
1 0.704861 0.194444 0.011111 0.038889
1 0.430903 0.258333 0.009028 0.041667
1 0.422569 0.25 0.009028 0.041667
1 0.164583 0.26875 0.006944 0.040278
5 0.652431 0.280556 0.034028 0.086111
1 0.177778 0.2625 0.013889 0.041667
1 0.171181 0.265278 0.009028 0.041667
1 0.135069 0.176389 0.00625 0.033333
1 0.118403 0.167361 0.00625 0.0375
3 0.233681 0.794444 0.467361 0.411111
3 0.244444 0.414583 0.1875 0.156944
3 0.466667 0.298611 0.059722 0.058333
3 0.297569 0.240278 0.14375 0.088889
