5 0.972917 0.363889 0.052778 0.069444
1 0.990972 0.31875 0.016667 0.0625
1 0.944792 0.34375 0.009028 0.045833
1 0.932292 0.340972 0.011806 0.054167
1 0.921181 0.34375 0.00625 0.051389
1 0.915625 0.338889 0.00625 0.044444
1 0.910417 0.338889 0.004167 0.030556
1 0.902778 0.336806 0.011111 0.026389
1 0.889583 0.331944 0.013889 0.025
3 0.828472 0.375 0.236111 0.116667
3 0.5875 0.399306 0.205556 0.098611
2 0.616667 0.252083 0.084722 0.193056
2 0.686458 0.213194 0.054861 0.1125
2 0.788889 0.224306 0.129167 0.181944
2 0.916667 0.188194 0.125 0.098611
