3 0.471181 0.742361 0.585417 0.515278
1 0.072917 0.436806 0.018056 0.073611
1 0.048264 0.445833 0.027083 0.075
6 0.506944 0.30625 0.022222 0.034722
2 0.506597 0.276389 0.028472 0.05
3 0.224653 0.311111 0.072917 0.069444
3 0.476389 0.327778 0.159722 0.094444
2 0.573611 0.188194 0.104167 0.176389
2 0.563194 0.052778 0.040278 0.102778
2 0.671875 0.143056 0.092361 0.077778
3 0.492361 0.1875 0.056944 0.041667
1 0.579167 0.404167 0.015278 0.069444
1 0.559028 0.389583 0.0125 0.070833
1 0.701736 0.344444 0.013194 0.066667
1 0.719097 0.206944 0.009028 0.05
3 0.675694 0.254167 0.088889 0.044444
5 0.923611 0.265972 0.056944 0.098611
1 0.991667 0.316667 0.015278 0.077778
1 0.951736 0.308333 0.011806 0.063889
1 0.907639 0.298611 0.018056 0.058333
1 0.937847 0.30625 0.011806 0.054167
1 0.779167 0.2875 0.013889 0.058333
1 0.747917 0.270833 0.009722 0.052778
1 0.732986 0.252778 0.009028 0.05
2 0.672569 0.328472 0.040972 0.090278
1 0.648264 0.214583 0.009028 0.0375
1 0.639931 0.211111 0.00625 0.041667
1 0.494097 0.223611 0.009028 0.041667
1 0.472222 0.215278 0.006944 0.038889
1 0.385069 0.20625 0.009028 0.034722
1 0.392708 0.204167 0.00625 0.036111
1 0.398611 0.205556 0.005556 0.033333
1 0.402778 0.201389 0.006944 0.038889
