3 0.776736 0.879861 0.372917 0.240278
3 0.313194 0.327083 0.147222 0.076389
3 0.116667 0.722917 0.158333 0.351389
1 0.803472 0.39375 0.020833 0.068056
1 0.779861 0.393056 0.018056 0.066667
1 0.670833 0.380556 0.016667 0.091667
1 0.651389 0.377083 0.019444 0.081944
1 0.624306 0.401389 0.016667 0.091667
1 0.619097 0.315972 0.014583 0.070833
1 0.855556 0.222222 0.011111 0.033333
1 0.844444 0.220139 0.011111 0.029167
5 0.845486 0.247917 0.052083 0.056944
1 0.763194 0.234722 0.009722 0.058333
1 0.753125 0.234028 0.010417 0.056944
1 0.673264 0.269444 0.010417 0.066667
1 0.668403 0.247222 0.011806 0.077778
1 0.663889 0.235417 0.008333 0.059722
1 0.650347 0.238889 0.015972 0.080556
1 0.63125 0.254167 0.013889 0.066667
1 0.621875 0.234028 0.007639 0.065278
1 0.610764 0.236111 0.010417 0.055556
1 0.576736 0.247222 0.014583 0.066667
5 0.546875 0.211111 0.075694 0.102778
1 0.479861 0.376389 0.018056 0.088889
1 0.4375 0.297222 0.018056 0.063889
1 0.422917 0.292361 0.013889 0.065278
1 0.408333 0.286111 0.013889 0.055556
1 0.395486 0.292361 0.014583 0.059722
1 0.329861 0.484028 0.020833 0.101389
1 0.309028 0.457639 0.023611 0.073611
1 0.305208 0.523611 0.020139 0.1
1 0.286806 0.582639 0.048611 0.101389
1 0.2875 0.497917 0.025 0.090278
1 0.231944 0.439583 0.026389 0.084722
1 0.227778 0.318056 0.019444 0.063889
1 0.140972 0.727778 0.043056 0.069444
