3 0.446875 0.888194 0.442361 0.223611
3 0.665278 0.54375 0.263889 0.1625
3 0.384375 0.418056 0.120139 0.097222
3 0.726736 0.303472 0.197917 0.043056
3 0.955208 0.434028 0.088194 0.059722
1 0.980556 0.499306 0.018056 0.081944
1 0.880903 0.514583 0.021528 0.090278
1 0.956597 0.384028 0.015972 0.059722
1 0.938542 0.373611 0.013194 0.066667
1 0.750347 0.361806 0.011806 0.054167
1 0.584375 0.3 0.00625 0.047222
1 0.578125 0.300694 0.00625 0.045833
1 0.571875 0.302778 0.00625 0.041667
1 0.563194 0.302778 0.006944 0.041667
1 0.55625 0.304861 0.006944 0.045833
1 0.543403 0.292361 0.00625 0.043056
1 0.142361 0.578472 0.023611 0.084722
1 0.118403 0.591667 0.027083 0.088889
1 0.371875 0.545139 0.028472 0.073611
