1 0.993403 0.364583 0.011806 0.051389
1 0.946875 0.372917 0.013194 0.051389
1 0.938542 0.36875 0.010417 0.054167
1 0.922569 0.367361 0.009028 0.0625
1 0.913542 0.365278 0.007639 0.047222
1 0.903819 0.3625 0.009028 0.033333
3 0.827431 0.406944 0.240972 0.105556
3 0.599653 0.425694 0.190972 0.095833
2 0.596875 0.289583 0.04375 0.154167
2 0.678472 0.202778 0.101389 0.202778
2 0.779167 0.236806 0.098611 0.2125
2 0.913542 0.221528 0.171528 0.170833
1 0.163542 0.41875 0.024306 0.126389
1 0.098958 0.425 0.03125 0.169444
