3 0.097569 0.645833 0.195138 0.275
3 0.515625 0.755556 0.328472 0.308333
1 0.599653 0.768056 0.032639 0.086111
1 0.624653 0.740972 0.024306 0.0625
1 0.863889 0.61875 0.033333 0.090278
1 0.843056 0.575 0.025 0.077778
1 0.984375 0.538194 0.029861 0.065278
1 0.867708 0.418056 0.020139 0.066667
1 0.760417 0.425 0.015278 0.061111
1 0.744097 0.4125 0.013194 0.063889
1 0.464583 0.409722 0.009722 0.058333
1 0.359722 0.371528 0.011111 0.056944
3 0.860764 0.519444 0.213194 0.133333
3 0.511806 0.352083 0.240278 0.0625
1 0.352083 0.372917 0.008333 0.056944
1 0.345139 0.375694 0.011111 0.056944
1 0.333333 0.377778 0.008333 0.055556
1 0.321875 0.332639 0.009028 0.054167
1 0.30625 0.363889 0.008333 0.05
