1 0.976042 0.45625 0.022917 0.073611
1 0.868056 0.485417 0.022222 0.070833
1 0.881597 0.406944 0.013194 0.069444
1 0.876736 0.400694 0.011806 0.065278
1 0.867014 0.381944 0.017361 0.066667
1 0.85 0.381944 0.013889 0.063889
1 0.839931 0.386111 0.014583 0.058333
1 0.843056 0.372222 0.011111 0.061111
1 0.828819 0.368056 0.011806 0.061111
1 0.822917 0.359722 0.0125 0.058333
1 0.829167 0.218056 0.0125 0.044444
1 0.801042 0.352778 0.009028 0.061111
1 0.791667 0.351389 0.0125 0.052778
1 0.753819 0.340972 0.010417 0.051389
5 0.773958 0.311806 0.040972 0.104167
1 0.632292 0.285417 0.009028 0.040278
1 0.629514 0.320139 0.009028 0.048611
1 0.621181 0.315972 0.009028 0.048611
1 0.604514 0.30625 0.009028 0.048611
1 0.521528 0.264583 0.008333 0.045833
1 0.530556 0.271528 0.008333 0.045833
3 0.569444 0.314583 0.063889 0.051389
3 0.360069 0.428472 0.146528 0.118056
1 0.285417 0.258333 0.009722 0.038889
1 0.279167 0.261806 0.005556 0.0375
1 0.272917 0.266667 0.005556 0.041667
1 0.247917 0.175 0.006944 0.030556
1 0.235417 0.16875 0.008333 0.031944
1 0.107986 0.490972 0.009028 0.045833
1 0.114583 0.483333 0.009722 0.047222
3 0.103472 0.41875 0.140278 0.120833
3 0.302778 0.799306 0.576389 0.401389
3 0.388194 0.243056 0.154167 0.077778
1 0.968056 0.663194 0.029167 0.0625
