3 0.519444 0.745139 0.340278 0.340278
3 0.114236 0.647222 0.228472 0.252778
3 0.526042 0.338194 0.210417 0.084722
3 0.857986 0.472917 0.234028 0.104167
1 0.605556 0.759028 0.036111 0.093056
1 0.628819 0.729861 0.032639 0.065278
1 0.464583 0.397222 0.013889 0.055556
1 0.855556 0.548611 0.016667 0.088889
1 0.927431 0.394444 0.01875 0.061111
1 0.769097 0.402778 0.011806 0.063889
1 0.751042 0.391667 0.011806 0.061111
1 0.305903 0.356944 0.007639 0.05
1 0.321181 0.326389 0.009028 0.05
1 0.332292 0.372917 0.009028 0.051389
1 0.344792 0.369444 0.009028 0.052778
1 0.351736 0.366667 0.009028 0.05
1 0.360069 0.364583 0.007639 0.051389
