3 0.955903 0.304167 0.086806 0.072222
1 0.937153 0.248611 0.013194 0.044444
1 0.925347 0.240972 0.011806 0.048611
1 0.811458 0.277083 0.013194 0.051389
1 0.778472 0.277778 0.011111 0.041667
1 0.602431 0.3625 0.014583 0.061111
1 0.653819 0.172917 0.00625 0.034722
1 0.647569 0.175694 0.00625 0.034722
1 0.642361 0.177083 0.008333 0.031944
1 0.635417 0.176389 0.006944 0.036111
3 0.770139 0.192361 0.155556 0.056944
3 0.716667 0.331944 0.169444 0.075
3 0.523264 0.254861 0.128472 0.0625
1 0.376042 0.338889 0.007639 0.058333
1 0.360764 0.339583 0.009028 0.056944
1 0.376389 0.307639 0.008333 0.034722
0 0.038889 0.079167 0.022222 0.013889
0 0.067014 0.073611 0.01875 0.013889
0 0.086458 0.075694 0.017361 0.0125
0 0.122917 0.072222 0.020833 0.011111
0 0.158333 0.065972 0.0125 0.0125
0 0.169792 0.067361 0.009028 0.009722
3 0.684375 0.713889 0.492361 0.572222
