3 0.703472 0.720139 0.591667 0.559722
3 0.953125 0.323611 0.092361 0.077778
3 0.775694 0.195833 0.169444 0.047222
3 0.509028 0.263889 0.122222 0.072222
3 0.717361 0.3625 0.175 0.086111
1 0.938194 0.263194 0.015278 0.043056
1 0.926389 0.253472 0.013889 0.048611
1 0.781944 0.286806 0.016667 0.043056
1 0.753125 0.322222 0.013194 0.038889
1 0.644444 0.180556 0.006944 0.038889
1 0.638542 0.184722 0.004861 0.036111
1 0.634375 0.184028 0.00625 0.0375
1 0.625347 0.184028 0.00625 0.040278
1 0.622917 0.398611 0.0125 0.041667
1 0.357292 0.345139 0.007639 0.054167
1 0.356944 0.36875 0.009722 0.056944
1 0.343056 0.373611 0.015278 0.058333
0 0.034375 0.071528 0.020139 0.015278
0 0.054167 0.072222 0.016667 0.011111
0 0.094444 0.068056 0.018056 0.008333
0 0.13125 0.063889 0.011111 0.011111
0 0.143056 0.064583 0.011111 0.0125
