3 0.632292 0.743056 0.560417 0.513888
1 0.94375 0.4125 0.022222 0.069444
1 0.927778 0.409722 0.019444 0.069444
1 0.907986 0.329861 0.021528 0.056944
1 0.915278 0.290278 0.013889 0.052778
1 0.9125 0.233333 0.0125 0.05
1 0.797917 0.295833 0.011111 0.055556
1 0.813889 0.23125 0.011111 0.045833
1 0.804167 0.225 0.009722 0.044444
1 0.732292 0.277083 0.011806 0.048611
1 0.743403 0.211111 0.009028 0.047222
1 0.545833 0.389583 0.015278 0.034722
1 0.551389 0.180556 0.005556 0.036111
1 0.547222 0.183333 0.005556 0.036111
1 0.540972 0.181944 0.005556 0.036111
1 0.534722 0.183333 0.005556 0.036111
1 0.515278 0.104167 0.006944 0.030556
3 0.660069 0.188889 0.134028 0.044444
3 0.631597 0.334722 0.152083 0.086111
6 0.660764 0.309722 0.024306 0.027778
3 0.410764 0.28125 0.114583 0.070833
1 0.265972 0.392361 0.013889 0.0625
1 0.25 0.400694 0.016667 0.0625
1 0.179167 0.432639 0.016667 0.0625
0 0.019444 0.082639 0.016667 0.009722
