1 0.236337 0.401786 0.023634 0.059524
1 0.12777 0.636905 0.025111 0.0625
1 0.249631 0.627976 0.023634 0.068452
1 0.274742 0.619792 0.020679 0.058036
1 0.386263 0.575893 0.028065 0.059524
1 0.436484 0.631696 0.033973 0.063988
1 0.511817 0.667411 0.022157 0.066964
1 0.809453 0.748512 0.026588 0.047619
1 0.745199 0.506696 0.025111 0.061012
1 0.817578 0.512649 0.025111 0.066964
1 0.954948 0.452381 0.025111 0.0625
1 0.735598 0.459821 0.026588 0.059524
1 0.760709 0.459821 0.023634 0.056548
1 0.781388 0.462054 0.023634 0.063988
0 0.48966 0.934524 0.181684 0.068452
0 0.458641 0.976935 0.199409 0.04613
0 0.937962 0.070685 0.124077 0.034226
0 0.906942 0.043155 0.124077 0.056548
3 0.39808 0.53125 0.66322 0.247024
3 0.245938 0.803571 0.32644 0.214286
3 0.67873 0.081845 0.299852 0.154762
