5 0.076042 0.626389 0.09375 0.144444
1 0.071875 0.610417 0.024306 0.048611
1 0.075 0.595139 0.023611 0.045833
1 0.201389 0.557639 0.022222 0.054167
1 0.186806 0.384028 0.015278 0.056944
1 0.271181 0.420139 0.020139 0.065278
1 0.258681 0.352083 0.010417 0.065278
1 0.271528 0.333333 0.0125 0.061111
1 0.283333 0.334722 0.009722 0.05
1 0.291319 0.336111 0.009028 0.05
1 0.288194 0.323611 0.009722 0.05
1 0.301042 0.322222 0.007639 0.047222
1 0.307292 0.316667 0.007639 0.047222
1 0.329514 0.309722 0.007639 0.047222
1 0.321875 0.315278 0.007639 0.047222
1 0.366319 0.306944 0.010417 0.05
1 0.463542 0.307639 0.009028 0.048611
1 0.472222 0.270139 0.006944 0.045833
1 0.483333 0.297222 0.006944 0.047222
1 0.498264 0.288889 0.007639 0.047222
1 0.295139 0.194444 0.011111 0.038889
1 0.569097 0.258333 0.009028 0.041667
1 0.577431 0.25 0.009028 0.041667
1 0.835417 0.26875 0.006944 0.040278
5 0.347569 0.280556 0.034028 0.086111
1 0.822222 0.2625 0.013889 0.041667
1 0.828819 0.265278 0.009028 0.041667
1 0.864931 0.176389 0.00625 0.033333
1 0.881597 0.167361 0.00625 0.0375
3 0.766319 0.794444 0.467361 0.411111
3 0.755556 0.414583 0.1875 0.156944
3 0.533333 0.298611 0.059722 0.058333
3 0.702431 0.240278 0.14375 0.088889
