3 0.264931 0.878472 0.215972 0.243056
3 0.590972 0.600694 0.445833 0.540278
5 0.015972 0.404167 0.030556 0.102778
1 0.085417 0.375 0.023611 0.055556
1 0.060417 0.244444 0.018056 0.066667
1 0.153472 0.268056 0.019444 0.058333
1 0.137847 0.213889 0.010417 0.061111
1 0.14375 0.209722 0.009722 0.055556
1 0.152431 0.2 0.014583 0.055556
1 0.164583 0.198611 0.011111 0.055556
1 0.173611 0.200694 0.011111 0.048611
1 0.169792 0.19375 0.010417 0.054167
1 0.181944 0.1875 0.008333 0.058333
1 0.186806 0.183333 0.008333 0.055556
1 0.206597 0.180556 0.010417 0.052778
1 0.214583 0.179861 0.009722 0.051389
1 0.248611 0.173611 0.011111 0.044444
5 0.230208 0.1625 0.036806 0.061111
1 0.353819 0.133333 0.009028 0.038889
1 0.358681 0.160417 0.00625 0.045833
1 0.365972 0.155556 0.008333 0.041667
1 0.380208 0.152778 0.009028 0.047222
3 0.411806 0.161111 0.054167 0.044444
1 0.449653 0.122222 0.00625 0.038889
1 0.458681 0.120139 0.007639 0.040278
3 0.586111 0.23125 0.115278 0.093056
1 0.678472 0.123611 0.006944 0.038889
1 0.683681 0.128472 0.004861 0.034722
1 0.686458 0.128472 0.009028 0.0375
1 0.725 0.057639 0.008333 0.0375
1 0.794097 0.280556 0.009028 0.047222
1 0.802431 0.288889 0.009028 0.047222
3 0.843056 0.252083 0.072222 0.084722
1 0.989931 0.447917 0.020138 0.070833
3 0.575 0.10625 0.119444 0.081944
