3 0.647569 0.916667 0.329861 0.166667
3 0.336806 0.572222 0.272222 0.175
3 0.628472 0.439583 0.152778 0.115278
3 0.265625 0.329167 0.217361 0.058333
3 0.044097 0.463194 0.057639 0.0625
1 0.011458 0.538889 0.021528 0.091667
1 0.113542 0.552778 0.01875 0.094444
1 0.037847 0.409722 0.015972 0.061111
1 0.055208 0.399306 0.015972 0.068056
1 0.250694 0.379861 0.0125 0.054167
1 0.420833 0.311806 0.005556 0.045833
1 0.426736 0.314583 0.00625 0.040278
1 0.432639 0.315972 0.005556 0.043056
1 0.443056 0.311806 0.006944 0.045833
1 0.464236 0.302083 0.00625 0.040278
1 0.892014 0.608333 0.025694 0.091667
1 0.916319 0.620139 0.022917 0.090278
1 0.652778 0.58125 0.029167 0.073611
