1 0.014583 0.577778 0.027778 0.080556
1 0.040972 0.658333 0.038889 0.091667
1 0.050694 0.635417 0.034722 0.095833
1 0.082639 0.638889 0.036111 0.102778
1 0.075347 0.54375 0.017361 0.065278
5 0.321875 0.464583 0.070139 0.101389
1 0.316667 0.448611 0.013889 0.038889
1 0.320139 0.4375 0.013889 0.036111
1 0.492361 0.515972 0.0125 0.084722
1 0.411806 0.302083 0.0125 0.054167
1 0.479167 0.369444 0.0125 0.063889
1 0.473611 0.293056 0.006944 0.061111
1 0.480208 0.290278 0.007639 0.055556
1 0.488194 0.279861 0.008333 0.059722
1 0.498611 0.286111 0.006944 0.052778
1 0.505903 0.2875 0.007639 0.05
1 0.502431 0.277778 0.007639 0.058333
1 0.517014 0.276389 0.007639 0.052778
1 0.532292 0.283333 0.009028 0.052778
1 0.545833 0.281944 0.008333 0.052778
1 0.553472 0.284722 0.008333 0.05
1 0.541319 0.244444 0.010417 0.044444
1 0.598611 0.298611 0.009722 0.063889
1 0.610764 0.303472 0.009028 0.059722
5 0.564236 0.246528 0.039583 0.084722
1 0.714236 0.289583 0.011806 0.045833
1 0.721528 0.288889 0.0125 0.044444
1 0.721875 0.239583 0.011806 0.048611
1 0.812847 0.277778 0.014583 0.044444
1 0.824653 0.272222 0.014583 0.047222
3 0.772222 0.308333 0.090278 0.044444
3 0.937153 0.28125 0.125694 0.076389
3 0.821528 0.820139 0.356944 0.359722
