1 0.025694 0.634028 0.043056 0.118056
1 0.041319 0.6 0.022917 0.083333
1 0.0375 0.504167 0.045833 0.105556
1 0.072222 0.594444 0.0375 0.113889
1 0.085764 0.473611 0.028472 0.097222
1 0.120139 0.549306 0.030556 0.115278
1 0.119444 0.454861 0.023611 0.0875
1 0.144444 0.454167 0.025 0.088889
1 0.161806 0.459028 0.026389 0.093056
1 0.15 0.929861 0.040278 0.140278
1 0.246875 0.926389 0.052083 0.147222
1 0.1125 0.772917 0.041667 0.156944
1 0.114583 0.726389 0.041667 0.130556
1 0.151736 0.700694 0.040972 0.140278
1 0.460417 0.454167 0.018056 0.088889
1 0.484028 0.435417 0.016667 0.090278
1 0.494792 0.415972 0.013194 0.0875
1 0.514931 0.420139 0.013194 0.084722
1 0.678819 0.375694 0.01875 0.065278
1 0.690972 0.366667 0.011111 0.069444
3 0.59375 0.434028 0.129167 0.109722
3 0.868403 0.3 0.217361 0.088889
1 0.839583 0.791667 0.051389 0.133333
1 0.941667 0.900694 0.052778 0.129167
5 0.231944 0.366667 0.115278 0.177778
