5 0.020833 0.690278 0.040278 0.247222
1 0.059028 0.670139 0.031944 0.104167
1 0.077431 0.64375 0.027083 0.104167
1 0.115972 0.665972 0.030556 0.098611
1 0.086806 0.567361 0.019444 0.084722
1 0.111111 0.565278 0.023611 0.072222
5 0.339931 0.495833 0.06875 0.097222
1 0.336806 0.48125 0.016667 0.043056
1 0.340278 0.467361 0.015278 0.040278
1 0.435069 0.478472 0.017361 0.054167
1 0.435764 0.332639 0.010417 0.054167
1 0.498611 0.384722 0.0125 0.061111
0 0.227778 0.147222 0.019444 0.022222
0 0.236111 0.147917 0.0125 0.023611
0 0.247917 0.148611 0.020833 0.027778
1 0.496181 0.322917 0.009028 0.054167
1 0.502431 0.322222 0.00625 0.05
1 0.509722 0.308333 0.006944 0.058333
1 0.519792 0.3125 0.007639 0.05
1 0.527083 0.316667 0.008333 0.047222
1 0.525 0.304167 0.008333 0.055556
1 0.537153 0.305556 0.007639 0.055556
1 0.552778 0.314583 0.008333 0.051389
1 0.566667 0.303472 0.008333 0.048611
1 0.544792 0.182639 0.010417 0.040278
1 0.630903 0.331944 0.010417 0.055556
1 0.638194 0.333333 0.008333 0.055556
5 0.585764 0.275694 0.038194 0.0875
1 0.732986 0.318056 0.013194 0.05
1 0.741319 0.320139 0.015972 0.048611
1 0.748264 0.268056 0.014583 0.041667
1 0.833333 0.306944 0.0125 0.047222
1 0.845486 0.303472 0.015972 0.048611
3 0.85 0.824306 0.3 0.351388
3 0.791667 0.345139 0.079167 0.065278
3 0.932639 0.299306 0.075 0.051389
