3 0.507986 0.861111 0.414583 0.277778
1 0.010069 0.675 0.015972 0.063889
1 0.027431 0.75625 0.024306 0.056944
1 0.10625 0.684028 0.013889 0.056944
1 0.091667 0.647917 0.008333 0.056944
1 0.098264 0.648611 0.00625 0.055556
1 0.10625 0.640972 0.011111 0.054167
1 0.11875 0.6375 0.009722 0.052778
1 0.126736 0.638194 0.009028 0.056944
1 0.136111 0.628472 0.011111 0.051389
1 0.130556 0.570139 0.011111 0.0375
1 0.157292 0.632639 0.010417 0.045833
1 0.167361 0.628472 0.009722 0.043056
5 0.183333 0.609028 0.029167 0.068056
1 0.199306 0.625694 0.009722 0.043056
1 0.301736 0.600694 0.007639 0.040278
1 0.304167 0.620833 0.006944 0.038889
1 0.310417 0.61875 0.005556 0.0375
1 0.324306 0.6125 0.006944 0.036111
1 0.388194 0.592361 0.005556 0.031944
1 0.396181 0.592361 0.00625 0.034722
1 0.586111 0.593056 0.005556 0.033333
1 0.589583 0.595139 0.004167 0.0375
1 0.59375 0.595833 0.005556 0.038889
1 0.624653 0.554861 0.00625 0.029167
1 0.69375 0.670833 0.009722 0.044444
1 0.719792 0.684722 0.009028 0.058333
1 0.834722 0.726389 0.016667 0.066667
