3 0.503819 0.743056 0.59375 0.513888
3 0.319097 0.255556 0.097917 0.058333
3 0.486458 0.177083 0.135417 0.054167
3 0.734028 0.296528 0.148611 0.106944
1 0.009722 0.330556 0.018056 0.066667
1 0.038889 0.35625 0.025 0.065278
1 0.054167 0.31875 0.013889 0.059722
1 0.064236 0.317361 0.014583 0.054167
1 0.09375 0.309722 0.018056 0.061111
5 0.076736 0.270833 0.054861 0.105556
1 0.275 0.398611 0.0125 0.069444
1 0.267014 0.392361 0.010417 0.068056
1 0.249306 0.251389 0.009722 0.047222
1 0.265972 0.249306 0.008333 0.048611
1 0.277431 0.201389 0.007639 0.047222
1 0.348264 0.205556 0.007639 0.038889
1 0.357292 0.199306 0.007639 0.048611
1 0.4 0.295139 0.008333 0.040278
1 0.481944 0.300694 0.020833 0.031944
2 0.443403 0.2375 0.05625 0.094444
2 0.390625 0.243056 0.053472 0.088889
2 0.264931 0.204167 0.113194 0.136111
3 0.514583 0.327083 0.151389 0.098611
1 0.604167 0.379167 0.013889 0.069444
1 0.613542 0.184028 0.007639 0.0375
1 0.59375 0.18125 0.009722 0.040278
1 0.597917 0.184722 0.006944 0.036111
1 0.603125 0.185417 0.009028 0.0375
1 0.909722 0.445833 0.022222 0.069444
1 0.935069 0.459028 0.022917 0.068056
