3 0.499653 0.748611 0.59375 0.502778
3 0.318403 0.260417 0.089583 0.065278
3 0.517361 0.327083 0.154167 0.101389
3 0.748958 0.301389 0.13125 0.077778
3 0.519097 0.1875 0.114583 0.041667
1 0.009722 0.331944 0.018056 0.069444
1 0.054861 0.31875 0.013889 0.0625
1 0.067014 0.318056 0.013194 0.058333
1 0.094792 0.311806 0.020139 0.056944
5 0.077431 0.272222 0.059028 0.105556
1 0.276389 0.397222 0.0125 0.063889
1 0.269097 0.391667 0.010417 0.063889
1 0.246528 0.246528 0.009722 0.051389
1 0.265278 0.25 0.009722 0.047222
1 0.278472 0.200694 0.008333 0.048611
1 0.347917 0.20625 0.008333 0.040278
1 0.35625 0.199306 0.006944 0.043056
1 0.400347 0.294444 0.007639 0.038889
1 0.448264 0.211111 0.007639 0.038889
1 0.446181 0.177083 0.007639 0.0375
6 0.482292 0.297917 0.020139 0.0375
2 0.464236 0.272917 0.028472 0.054167
2 0.402778 0.197917 0.091667 0.145833
1 0.596528 0.179167 0.005556 0.036111
1 0.599653 0.18125 0.00625 0.034722
1 0.60625 0.184028 0.006944 0.0375
1 0.614583 0.184028 0.006944 0.040278
1 0.613889 0.388194 0.009722 0.073611
1 0.909028 0.445833 0.022222 0.069444
1 0.934028 0.456944 0.025 0.066667
