3 0.163542 0.554861 0.225694 0.1375
1 0.179514 0.63125 0.020139 0.104167
1 0.023264 0.574306 0.03125 0.084722
1 0.064583 0.473611 0.020833 0.077778
1 0.265278 0.456944 0.013889 0.066667
1 0.285764 0.435417 0.015972 0.0625
1 0.464931 0.893056 0.035417 0.119444
1 0.437153 0.85625 0.025694 0.079167
1 0.586458 0.439583 0.014583 0.059722
3 0.563889 0.834028 0.401389 0.331944
3 0.928125 0.634722 0.14375 0.136111
3 0.531597 0.35625 0.249306 0.090278
1 0.746875 0.3875 0.014583 0.055556
1 0.720833 0.407639 0.009722 0.056944
1 0.711111 0.404167 0.009722 0.058333
1 0.703125 0.398611 0.009028 0.052778
1 0.694444 0.395139 0.009722 0.056944
1 0.760764 0.357639 0.010417 0.040278
