3 0.480556 0.745139 0.340278 0.340278
3 0.885764 0.647222 0.228472 0.252778
3 0.473958 0.338194 0.210417 0.084722
3 0.142014 0.472917 0.234028 0.104167
1 0.394444 0.759028 0.036111 0.093056
1 0.371181 0.729861 0.032639 0.065278
1 0.535417 0.397222 0.013889 0.055556
1 0.144444 0.548611 0.016667 0.088889
1 0.072569 0.394444 0.01875 0.061111
1 0.230903 0.402778 0.011806 0.063889
1 0.248958 0.391667 0.011806 0.061111
1 0.694097 0.356944 0.007639 0.05
1 0.678819 0.326389 0.009028 0.05
1 0.667708 0.372917 0.009028 0.051389
1 0.655208 0.369444 0.009028 0.052778
1 0.648264 0.366667 0.009028 0.05
1 0.639931 0.364583 0.007639 0.051389
