5 0.039931 0.647917 0.078472 0.254167
1 0.142708 0.625 0.03125 0.1
1 0.115972 0.636111 0.022222 0.094444
1 0.113194 0.588889 0.018056 0.047222
1 0.110417 0.530556 0.029167 0.075
1 0.141667 0.525694 0.019444 0.073611
5 0.361806 0.480556 0.066667 0.091667
1 0.357639 0.465972 0.013889 0.043056
1 0.363194 0.452778 0.015278 0.041667
1 0.474653 0.457639 0.013194 0.076389
1 0.461806 0.325 0.009722 0.05
1 0.524306 0.380556 0.011111 0.052778
1 0.523264 0.31875 0.007639 0.059722
1 0.528125 0.316667 0.004861 0.055556
1 0.536111 0.308333 0.008333 0.052778
1 0.546875 0.311806 0.00625 0.051389
1 0.553819 0.315972 0.007639 0.045833
1 0.553125 0.301389 0.00625 0.047222
1 0.564236 0.304167 0.007639 0.047222
1 0.580903 0.3125 0.007639 0.052778
1 0.594097 0.311806 0.00625 0.054167
1 0.6 0.311806 0.005556 0.048611
5 0.613194 0.275 0.0375 0.083333
1 0.609375 0.220139 0.011806 0.031944
1 0.649306 0.335417 0.0125 0.054167
1 0.660417 0.336111 0.0125 0.052778
1 0.767361 0.328472 0.013889 0.045833
1 0.775 0.33125 0.013889 0.045833
1 0.775694 0.280556 0.0125 0.041667
1 0.874653 0.325 0.014583 0.047222
1 0.884722 0.322222 0.016667 0.047222
3 0.848264 0.831944 0.303472 0.336111
3 0.826736 0.359028 0.090972 0.068056
3 0.970486 0.320833 0.059028 0.069444
0 0.270486 0.138194 0.01875 0.020833
0 0.277431 0.140972 0.010417 0.018056
0 0.289931 0.14375 0.020139 0.029167
