1 0.035417 0.825694 0.044444 0.115278
3 0.176042 0.80625 0.200694 0.270833
1 0.015625 0.443056 0.020139 0.069444
3 0.099306 0.356944 0.190278 0.111111
3 0.481597 0.449306 0.140972 0.104167
1 0.760069 0.60625 0.022917 0.093056
1 0.779514 0.6125 0.020139 0.1
1 0.225347 0.334028 0.009028 0.054167
1 0.234722 0.336111 0.006944 0.052778
1 0.240972 0.338194 0.006944 0.054167
1 0.253472 0.334028 0.009722 0.054167
1 0.261806 0.322917 0.008333 0.048611
1 0.255556 0.293056 0.008333 0.047222
1 0.530903 0.664583 0.034028 0.095833
