1 0.049653 0.428472 0.010417 0.048611
1 0.059375 0.428472 0.010417 0.051389
1 0.067361 0.442361 0.011111 0.056944
1 0.072222 0.430556 0.008333 0.058333
1 0.080556 0.432639 0.006944 0.051389
1 0.087847 0.430556 0.007639 0.05
1 0.098264 0.429861 0.010417 0.0375
3 0.161458 0.461111 0.213194 0.1
2 0.193403 0.283333 0.159028 0.238889
3 0.400347 0.489583 0.18125 0.095833
2 0.396181 0.372222 0.097917 0.111111
1 0.755208 0.48125 0.015972 0.059722
1 0.782986 0.483333 0.01875 0.069444
1 0.870833 0.497917 0.030556 0.151389
