4 0.496622 0.56672 0.987838 0.538585
0 0.821622 0.297428 0.021622 0.03537
0 0.848649 0.262862 0.032432 0.027331
0 0.890541 0.283762 0.032432 0.027331
0 0.878378 0.278939 0.032432 0.027331
0 0.385135 0.094051 0.02973 0.0209
0 0.395946 0.063505 0.02973 0.0209
0 0.408108 0.050643 0.02973 0.0209
0 0.408108 0.034566 0.02973 0.0209
0 0.200676 0.07717 0.025676 0.016077
0 0.223649 0.069132 0.025676 0.016077
0 0.235811 0.065916 0.025676 0.016077
0 0.170946 0.067524 0.025676 0.016077
0 0.152027 0.073955 0.025676 0.016077
