3 0.044097 0.304167 0.086806 0.072222
1 0.062847 0.248611 0.013194 0.044444
1 0.074653 0.240972 0.011806 0.048611
1 0.188542 0.277083 0.013194 0.051389
1 0.221528 0.277778 0.011111 0.041667
1 0.397569 0.3625 0.014583 0.061111
1 0.346181 0.172917 0.00625 0.034722
1 0.352431 0.175694 0.00625 0.034722
1 0.357639 0.177083 0.008333 0.031944
1 0.364583 0.176389 0.006944 0.036111
3 0.229861 0.192361 0.155556 0.056944
3 0.283333 0.331944 0.169444 0.075
3 0.476736 0.254861 0.128472 0.0625
1 0.623958 0.338889 0.007639 0.058333
1 0.639236 0.339583 0.009028 0.056944
1 0.623611 0.307639 0.008333 0.034722
0 0.961111 0.079167 0.022222 0.013889
0 0.932986 0.073611 0.01875 0.013889
0 0.913542 0.075694 0.017361 0.0125
0 0.877083 0.072222 0.020833 0.011111
0 0.841667 0.065972 0.0125 0.0125
0 0.830208 0.067361 0.009028 0.009722
3 0.315625 0.713889 0.492361 0.572222
