3 0.223264 0.879861 0.372917 0.240278
3 0.686806 0.327083 0.147222 0.076389
3 0.883333 0.722917 0.158333 0.351389
1 0.196528 0.39375 0.020833 0.068056
1 0.220139 0.393056 0.018056 0.066667
1 0.329167 0.380556 0.016667 0.091667
1 0.348611 0.377083 0.019444 0.081944
1 0.375694 0.401389 0.016667 0.091667
1 0.380903 0.315972 0.014583 0.070833
1 0.144444 0.222222 0.011111 0.033333
1 0.155556 0.220139 0.011111 0.029167
5 0.154514 0.247917 0.052083 0.056944
1 0.236806 0.234722 0.009722 0.058333
1 0.246875 0.234028 0.010417 0.056944
1 0.326736 0.269444 0.010417 0.066667
1 0.331597 0.247222 0.011806 0.077778
1 0.336111 0.235417 0.008333 0.059722
1 0.349653 0.238889 0.015972 0.080556
1 0.36875 0.254167 0.013889 0.066667
1 0.378125 0.234028 0.007639 0.065278
1 0.389236 0.236111 0.010417 0.055556
1 0.423264 0.247222 0.014583 0.066667
5 0.453125 0.211111 0.075694 0.102778
1 0.520139 0.376389 0.018056 0.088889
1 0.5625 0.297222 0.018056 0.063889
1 0.577083 0.292361 0.013889 0.065278
1 0.591667 0.286111 0.013889 0.055556
1 0.604514 0.292361 0.014583 0.059722
1 0.670139 0.484028 0.020833 0.101389
1 0.690972 0.457639 0.023611 0.073611
1 0.694792 0.523611 0.020139 0.1
1 0.713194 0.582639 0.048611 0.101389
1 0.7125 0.497917 0.025 0.090278
1 0.768056 0.439583 0.026389 0.084722
1 0.772222 0.318056 0.019444 0.063889
1 0.859028 0.727778 0.043056 0.069444
