1 0.046875 0.338889 0.017361 0.063889
1 0.090278 0.33125 0.018056 0.056944
1 0.059028 0.336111 0.018056 0.063889
1 0.145139 0.410417 0.018056 0.068056
1 0.239236 0.292361 0.010417 0.054167
1 0.248264 0.277083 0.010417 0.043056
1 0.264236 0.274306 0.009028 0.048611
1 0.007292 0.347917 0.013194 0.070833
1 0.277778 0.228472 0.008333 0.045833
1 0.269444 0.418056 0.011111 0.069444
1 0.262153 0.411806 0.010417 0.068056
1 0.347569 0.233333 0.009028 0.038889
1 0.355556 0.229167 0.005556 0.038889
1 0.446181 0.242361 0.007639 0.043056
1 0.507986 0.233333 0.007639 0.038889
1 0.608333 0.217361 0.009722 0.034722
1 0.6 0.216667 0.008333 0.036111
1 0.594444 0.213889 0.006944 0.036111
1 0.589583 0.213194 0.008333 0.0375
1 0.611458 0.408333 0.014583 0.066667
3 0.513889 0.349306 0.15 0.093056
6 0.480208 0.328472 0.017361 0.023611
2 0.464583 0.320139 0.013889 0.048611
2 0.439931 0.286111 0.047917 0.052778
2 0.404514 0.241667 0.034028 0.102778
2 0.323611 0.20625 0.034722 0.0875
3 0.314931 0.28125 0.084028 0.054167
3 0.514236 0.205556 0.099306 0.047222
3 0.752083 0.327083 0.079167 0.065278
1 0.905903 0.471528 0.021528 0.070833
1 0.930903 0.484028 0.025694 0.068056
3 0.511458 0.759722 0.540972 0.480556
