3 0.563889 0.676389 0.401389 0.413889
1 0.461458 0.686806 0.038194 0.109722
1 0.435069 0.648611 0.028472 0.077778
1 0.173264 0.439583 0.021528 0.101389
1 0.043403 0.272917 0.025694 0.084722
1 0.252083 0.251389 0.013889 0.077778
1 0.271875 0.23125 0.015972 0.070833
3 0.146875 0.3625 0.239583 0.147222
3 0.525347 0.175694 0.275694 0.095833
1 0.5875 0.231944 0.0125 0.058333
1 0.75625 0.179861 0.015278 0.056944
1 0.797917 0.149306 0.018056 0.043056
1 0.726736 0.201389 0.010417 0.058333
1 0.716667 0.2 0.011111 0.058333
1 0.710069 0.195833 0.010417 0.058333
1 0.701736 0.189583 0.013194 0.059722
3 0.945833 0.454167 0.108333 0.155556
