3 0.507292 0.754167 0.567361 0.491666
3 0.758681 0.327778 0.096528 0.083333
3 0.514236 0.35 0.153472 0.1
3 0.302083 0.279861 0.0625 0.043056
3 0.489583 0.211806 0.034722 0.045833
1 0.047222 0.336806 0.016667 0.0625
1 0.059722 0.336111 0.0125 0.058333
1 0.089583 0.327778 0.016667 0.061111
5 0.073264 0.290972 0.05625 0.104167
1 0.231597 0.398611 0.013194 0.072222
1 0.3 0.431944 0.013889 0.072222
1 0.315972 0.419444 0.016667 0.061111
1 0.228125 0.298611 0.011806 0.055556
1 0.24375 0.290278 0.011111 0.05
1 0.263542 0.272222 0.007639 0.047222
1 0.277431 0.227083 0.007639 0.043056
1 0.346875 0.234028 0.007639 0.040278
1 0.355556 0.227083 0.006944 0.043056
1 0.474653 0.245833 0.007639 0.038889
1 0.510764 0.23125 0.00625 0.040278
1 0.577431 0.390278 0.01875 0.066667
1 0.608333 0.217361 0.009722 0.034722
1 0.600694 0.215972 0.008333 0.034722
1 0.595486 0.214583 0.00625 0.034722
1 0.591319 0.213194 0.007639 0.0375
1 0.908681 0.471528 0.020139 0.068056
1 0.933333 0.486806 0.025 0.070833
6 0.482292 0.324306 0.015972 0.031944
2 0.444097 0.239583 0.061806 0.106944
2 0.392708 0.184028 0.060417 0.143056
3 0.547569 0.213889 0.057639 0.058333
