3 0.371875 0.742361 0.588194 0.515278
3 0.143056 0.2875 0.106944 0.063889
3 0.331597 0.188194 0.170139 0.0375
3 0.369444 0.3375 0.154167 0.086111
3 0.587153 0.279861 0.113194 0.065278
1 0.08125 0.291667 0.0125 0.058333
1 0.083333 0.234028 0.0125 0.048611
1 0.187847 0.315972 0.01875 0.0625
1 0.218403 0.2875 0.013194 0.05
1 0.183681 0.232639 0.010417 0.045833
1 0.192708 0.227083 0.009028 0.045833
1 0.348264 0.282639 0.010417 0.040278
1 0.456597 0.390972 0.010417 0.045833
1 0.447569 0.179861 0.00625 0.040278
1 0.452083 0.183333 0.005556 0.036111
1 0.457639 0.182639 0.006944 0.034722
1 0.4625 0.185417 0.006944 0.0375
1 0.734028 0.395139 0.013889 0.059722
1 0.755208 0.40625 0.01875 0.0625
1 0.775694 0.425694 0.016667 0.0625
