5 0.358696 0.97039 0.311714 0.05922
5 0.728392 0.824724 0.309004 0.256116
0 0.9126 0.747861 0.153418 0.127673
0 0.914182 0.687144 0.153418 0.127673
0 0.898789 0.633724 0.122166 0.102725
0 0.773057 0.682248 0.178618 0.128747
0 0.763065 0.735934 0.150575 0.130609
0 0.630437 0.672872 0.150575 0.130609
0 0.715388 0.607537 0.150575 0.130609
0 0.737159 0.534618 0.150575 0.130609
0 0.675409 0.487676 0.161491 0.140418
0 0.925043 0.424308 0.149914 0.140418
5 0.744988 0.259883 0.413616 0.277568
5 0.505241 0.100129 0.276624 0.200258
5 0.718525 0.106948 0.351904 0.213896
0 0.59861 0.162867 0.167923 0.136785
1 0.42591 0.859733 0.044102 0.074932
1 0.369984 0.852074 0.039619 0.061489
1 0.352966 0.89197 0.043882 0.057085
1 0.320748 0.860832 0.042534 0.064502
1 0.306777 0.804399 0.046124 0.063806
1 0.453128 0.454027 0.039619 0.061489
1 0.432192 0.463988 0.039619 0.061489
2 0.07418 0.382717 0.148361 0.35395
3 0.358728 0.294643 0.583487 0.397278
3 0.219357 0.691404 0.349897 0.30424
3 0.225065 0.889102 0.26165 0.221797
3 0.569943 0.888676 0.253518 0.222648
0 0.941806 0.508125 0.090313 0.087436
1 0.585163 0.49349 0.040366 0.06373
