5 0.706694 0.799892 0.334731 0.400215
5 0.56375 0.554975 0.301009 0.242617
5 0.421528 0.648323 0.242334 0.235351
5 0.296412 0.328557 0.304367 0.441943
5 0.538528 0.073445 0.186053 0.146891
5 0.447302 0.190499 0.255618 0.367305
0 0.579281 0.016779 0.099955 0.033557
1 0.241125 0.160752 0.048588 0.034974
1 0.235107 0.176636 0.052004 0.038959
1 0.141307 0.451681 0.055452 0.050877
1 0.086859 0.551381 0.05459 0.047897
1 0.059134 0.558718 0.052004 0.038959
1 0.906801 0.563945 0.059729 0.057841
1 0.739358 0.68055 0.073329 0.057917
1 0.711902 0.736117 0.075052 0.063875
1 0.563759 0.815517 0.062251 0.050914
1 0.554325 0.833375 0.046896 0.036947
5 0.544617 0.864638 0.264303 0.270724
3 0.633797 0.798027 0.498847 0.403946
3 0.277904 0.630217 0.554749 0.739566
3 0.686273 0.355017 0.627455 0.710034
3 0.335561 0.058135 0.296255 0.11627
5 0.162463 0.235982 0.112119 0.191994
