5 0.280447 0.644319 0.175525 0.288267
1 0.234722 0.573745 0.050722 0.051986
1 0.228952 0.603886 0.041355 0.045755
1 0.200097 0.754588 0.043228 0.047001
1 0.21142 0.743585 0.041328 0.042088
0 0.24784 0.4759 0.131045 0.198469
0 0.352364 0.105245 0.073533 0.11095
0 0.944346 0.278659 0.111309 0.234039
3 0.159007 0.486311 0.277598 0.476587
2 0.356834 0.474268 0.112036 0.149333
3 0.315478 0.91363 0.360624 0.172741
3 0.448425 0.861737 0.369909 0.276527
3 0.596236 0.832762 0.367872 0.332289
3 0.661616 0.966426 0.14587 0.067147
3 0.683171 0.720696 0.311857 0.320571
3 0.780588 0.575445 0.257687 0.306432
3 0.891015 0.3018 0.21797 0.490118
3 0.780114 0.104531 0.317477 0.209062
3 0.641126 0.147718 0.305285 0.295436
3 0.543819 0.258859 0.295863 0.30081
3 0.450272 0.378883 0.299665 0.310637
3 0.381218 0.484309 0.201912 0.201822
3 0.33185 0.599743 0.146034 0.20844
