3 0.495837 0.462465 0.991673 0.889368
1 0.649726 0.63999 0.103241 0.054807
1 0.665589 0.59188 0.103241 0.054807
1 0.716133 0.445107 0.103241 0.054807
1 0.754829 0.410625 0.103241 0.054807
1 0.876342 0.460187 0.103241 0.054807
1 0.894776 0.489949 0.103241 0.054807
1 0.874416 0.401781 0.103241 0.054807
1 0.925153 0.329847 0.103241 0.054807
1 0.957527 0.243031 0.084946 0.054807
1 0.864943 0.517107 0.103241 0.054807
1 0.728499 0.762376 0.103241 0.054807
1 0.716841 0.719512 0.103241 0.054807
1 0.792081 0.619827 0.103241 0.054807
1 0.808233 0.568978 0.103241 0.054807
1 0.7644 0.677705 0.103241 0.054807
1 0.212338 0.887752 0.105907 0.055104
1 0.140728 0.901941 0.105907 0.055104
1 0.108727 0.949639 0.105618 0.052365
1 0.200939 0.944672 0.105907 0.055104
1 0.210187 0.972027 0.10064 0.030159
