1 0.540758 0.978839 0.072418 0.042322
1 0.615409 0.98044 0.088513 0.039121
1 0.666472 0.994905 0.047447 0.010189
1 0.712528 0.967426 0.047447 0.054934
1 0.677009 0.97427 0.047447 0.051459
1 0.677282 0.954303 0.047447 0.054934
1 0.73056 0.94143 0.047447 0.054934
1 0.707806 0.944651 0.047447 0.054934
1 0.68782 0.922145 0.047447 0.054934
1 0.68171 0.898566 0.047447 0.054934
1 0.678099 0.880076 0.047447 0.054934
1 0.650345 0.864004 0.047447 0.054934
1 0.642016 0.850071 0.047447 0.054934
1 0.638542 0.820729 0.05161 0.057345
1 0.596461 0.633295 0.056325 0.067797
1 0.995881 0.572117 0.008238 0.077448
1 0.984086 0.56408 0.031828 0.088699
1 0.9691 0.563416 0.061799 0.0954
1 0.857723 0.587824 0.059931 0.075035
1 0.550945 0.607846 0.0702 0.080123
1 0.542043 0.505217 0.052996 0.062438
1 0.523863 0.487401 0.057712 0.068601
1 0.487636 0.427249 0.071311 0.07905
3 0.389037 0.624216 0.778074 0.751569
3 0.590142 0.269799 0.550006 0.493554
3 0.352547 0.089231 0.303021 0.178462
3 0.870295 0.421144 0.259411 0.278136
1 0.287604 0.009789 0.045506 0.019577
1 0.874097 0.59184 0.059931 0.075035
