5 0.151179 0.738452 0.302358 0.385543
1 0.228564 0.708126 0.050531 0.081053
1 0.171457 0.69253 0.055022 0.082549
1 0.392726 0.91726 0.055982 0.085661
1 0.395012 0.35863 0.049034 0.080554
1 0.116244 0.285476 0.046096 0.075387
1 0.526366 0.320891 0.035421 0.049495
1 0.56103 0.353033 0.042256 0.06294
1 0.62044 0.374545 0.042256 0.06294
1 0.81947 0.521512 0.042256 0.06294
1 0.849414 0.53149 0.042256 0.06294
3 0.31071 0.289358 0.484813 0.256472
3 0.120334 0.530665 0.240667 0.338528
3 0.602602 0.515312 0.345925 0.293953
3 0.240817 0.111522 0.196852 0.223043
3 0.808433 0.332514 0.333662 0.310807
