3 0.5 0.489773 1.0 0.69001
1 0.728598 0.069204 0.041919 0.064209
1 0.76191 0.077614 0.046758 0.068129
1 0.732205 0.163747 0.040541 0.056609
1 0.765818 0.174583 0.031139 0.05029
1 0.785664 0.1755 0.037631 0.063329
1 0.814025 0.190777 0.04345 0.049889
1 0.785109 0.133608 0.038234 0.059063
1 0.821381 0.15839 0.043971 0.098288
1 0.872272 0.192477 0.051873 0.073567
1 0.905498 0.209539 0.043349 0.064502
1 0.941806 0.217775 0.049668 0.061408
0 0.923306 0.171334 0.153388 0.18024
0 0.631116 0.136706 0.19337 0.10259
0 0.196968 0.056372 0.252237 0.112744
1 0.888248 0.611166 0.03169 0.05333
1 0.870219 0.604315 0.023767 0.039998
