1 0.823225 0.75291 0.068102 0.100639
1 0.847029 0.738657 0.068102 0.100639
1 0.839966 0.548067 0.068102 0.100639
1 0.825595 0.550692 0.068102 0.100639
1 0.810533 0.547255 0.068102 0.100639
1 0.900758 0.437925 0.068102 0.100639
1 0.91661 0.413985 0.068102 0.100639
1 0.934389 0.398357 0.068102 0.100639
1 0.905251 0.297217 0.068102 0.100639
1 0.936166 0.276715 0.068102 0.100639
1 0.898189 0.226708 0.068102 0.100639
3 0.672427 0.21637 0.344708 0.432739
3 0.230308 0.574295 0.460616 0.653535
3 0.688133 0.653177 0.334731 0.403747
