5 0.653209 0.901304 0.33676 0.197392
5 0.052394 0.750382 0.104787 0.33365
1 0.167852 0.893836 0.057766 0.047693
1 0.166856 0.92066 0.057766 0.047693
4 0.781392 0.461181 0.269752 0.391202
3 0.729304 0.698535 0.286591 0.216807
1 0.583375 0.680062 0.057766 0.047693
1 0.577359 0.581247 0.057766 0.047693
1 0.481345 0.407087 0.057766 0.047693
1 0.465435 0.381196 0.057766 0.047693
1 0.508731 0.254379 0.057766 0.047693
1 0.541466 0.268932 0.057766 0.047693
1 0.400905 0.114333 0.037682 0.034211
1 0.422812 0.109159 0.04365 0.045002
1 0.165743 0.60147 0.054894 0.052938
3 0.290932 0.288699 0.360055 0.365949
3 0.331089 0.681831 0.362855 0.51127
3 0.670802 0.129019 0.451789 0.258038
