3 0.385193 0.613007 0.506501 0.773986
1 0.069643 0.119556 0.061077 0.033275
1 0.076598 0.138073 0.053408 0.030216
1 0.086591 0.146705 0.047577 0.027465
1 0.08256 0.078951 0.06566 0.028735
1 0.110323 0.080847 0.05372 0.032038
1 0.153705 0.074494 0.058926 0.031143
1 0.124948 0.099949 0.067499 0.029044
1 0.156406 0.106849 0.063508 0.026603
1 0.16796 0.124593 0.057678 0.023853
1 0.177067 0.144623 0.061669 0.026294
1 0.154377 0.199995 0.05955 0.034787
1 0.184038 0.168761 0.071802 0.033307
1 0.190697 0.191078 0.055559 0.032347
1 0.336076 0.084152 0.042684 0.030183
1 0.352276 0.117988 0.043587 0.025025
1 0.367986 0.088163 0.043274 0.023203
1 0.371557 0.103498 0.045427 0.025334
1 0.412081 0.168869 0.05188 0.031729
3 0.667327 0.504687 0.253161 0.32043
1 0.615962 0.718614 0.035606 0.020143
