3 0.434366 0.4754 0.548118 0.629878
0 0.154135 0.391242 0.199621 0.222462
0 0.141742 0.250625 0.155981 0.171939
0 0.15701 0.135113 0.106711 0.1277
0 0.707065 0.90998 0.215394 0.18004
5 0.679627 0.958398 0.182319 0.083204
1 0.517452 0.969366 0.083122 0.061269
1 0.472273 0.936372 0.083122 0.100595
1 0.483925 0.900328 0.083122 0.100595
1 0.463592 0.842247 0.083122 0.100595
1 0.509427 0.839556 0.083122 0.100595
1 0.423706 0.896958 0.083122 0.100595
1 0.426238 0.861961 0.083122 0.100595
1 0.383435 0.935003 0.083122 0.100595
1 0.426588 0.951444 0.083122 0.097111
1 0.312134 0.923907 0.07541 0.08885
1 0.268128 0.88397 0.07541 0.08885
1 0.242981 0.861148 0.07541 0.08885
1 0.299279 0.846973 0.07541 0.08885
1 0.339464 0.820507 0.07541 0.08885
1 0.317705 0.784442 0.07541 0.08885
1 0.299784 0.777502 0.07541 0.08885
1 0.274234 0.775293 0.07541 0.08885
1 0.267881 0.743887 0.07541 0.08885
1 0.249575 0.72028 0.07541 0.08885
1 0.208148 0.708326 0.07541 0.08885
1 0.162061 0.745752 0.07541 0.08885
1 0.094231 0.709836 0.07541 0.08885
1 0.054381 0.689988 0.07541 0.08885
1 0.173563 0.695586 0.07541 0.08885
1 0.146221 0.661448 0.07541 0.08885
1 0.122885 0.633277 0.07541 0.08885
1 0.109692 0.602655 0.07541 0.08885
1 0.037209 0.656027 0.074418 0.10428
1 0.024401 0.628119 0.048802 0.10428
1 0.008919 0.604679 0.017838 0.10428
1 0.026967 0.583825 0.053933 0.10428
1 0.050874 0.545781 0.08666 0.10428
1 0.054983 0.50289 0.08666 0.10428
1 0.009132 0.372539 0.018265 0.103139
1 0.836248 0.904224 0.057254 0.070948
1 0.834372 0.883873 0.057254 0.070948
1 0.828169 0.866588 0.057254 0.070948
1 0.812528 0.859387 0.057254 0.070948
1 0.808136 0.836754 0.057254 0.070948
1 0.797139 0.81745 0.057254 0.070948
1 0.790467 0.795077 0.057254 0.070948
