2 0.364611 0.531961 0.252337 0.248348
2 0.784856 0.339145 0.372595 0.364802
2 0.910486 0.540719 0.179029 0.365886
2 0.749068 0.751938 0.184523 0.182632
1 0.38221 0.960904 0.0609 0.060472
1 0.393675 0.921713 0.0609 0.060472
1 0.41282 0.954292 0.0609 0.060472
1 0.422488 0.972419 0.0609 0.055162
1 0.816635 0.85621 0.0609 0.060472
0 0.245911 0.156759 0.162168 0.156489
3 0.235119 0.651957 0.470239 0.64066
3 0.244265 0.368071 0.373616 0.363806
3 0.628343 0.49815 0.48458 0.465353
3 0.78662 0.364723 0.42676 0.609362
3 0.570573 0.88541 0.321645 0.229181
