3 0.5 0.64912 1.0 0.701761
1 0.637506 0.568121 0.049327 0.09779
1 0.738467 0.638315 0.056524 0.108994
1 0.676255 0.708165 0.056524 0.108994
1 0.647952 0.715834 0.056524 0.108994
1 0.60884 0.724023 0.056524 0.108994
1 0.561493 0.73324 0.056524 0.108994
1 0.532677 0.743457 0.056524 0.108994
1 0.496113 0.725665 0.056524 0.108994
1 0.452351 0.717049 0.056524 0.108994
1 0.154603 0.494234 0.048303 0.092696
1 0.362966 0.389599 0.041106 0.081492
1 0.38486 0.407151 0.041631 0.071809
1 0.537097 0.535111 0.052427 0.088615
