5 0.647386 0.853262 0.478333 0.293475
1 0.601219 0.98783 0.080454 0.02434
1 0.65111 0.960915 0.080454 0.060331
1 0.683728 0.968107 0.080454 0.060331
1 0.38357 0.345328 0.075381 0.053222
1 0.211842 0.45891 0.071978 0.056518
1 0.263713 0.374974 0.074396 0.051171
1 0.17535 0.497375 0.063802 0.046404
1 0.154623 0.3446 0.075381 0.053222
1 0.216297 0.256343 0.080454 0.060331
1 0.203647 0.288073 0.080454 0.060331
3 0.147641 0.592584 0.295282 0.473464
3 0.719628 0.453041 0.560743 0.780423
3 0.32811 0.766936 0.368047 0.406915
3 0.397377 0.134707 0.259876 0.269413
