1 0.254169 0.637358 0.060208 0.056864
1 0.360331 0.873589 0.06341 0.059932
1 0.433068 0.774685 0.066927 0.062685
1 0.443281 0.750168 0.057161 0.053636
1 0.482958 0.636361 0.063097 0.060248
1 0.5577 0.634385 0.070308 0.067672
1 0.633698 0.60013 0.064844 0.060587
1 0.888801 0.425664 0.053174 0.051358
1 0.664915 0.317073 0.06229 0.058962
1 0.716588 0.265669 0.06677 0.062843
1 0.7608 0.121444 0.06341 0.059932
1 0.623377 0.293843 0.062134 0.05912
1 0.63975 0.274663 0.057968 0.054923
1 0.654914 0.260323 0.063567 0.059774
0 0.82028 0.791219 0.169979 0.18341
0 0.831973 0.842565 0.164738 0.182395
3 0.457064 0.598226 0.618346 0.667659
3 0.562812 0.848732 0.374118 0.302535
3 0.301834 0.127903 0.311985 0.255805
