1 0.31508 0.911639 0.049585 0.091597
1 0.454358 0.787494 0.031884 0.098834
1 0.416418 0.873774 0.043934 0.0726
1 0.487673 0.711527 0.031183 0.055362
1 0.736415 0.653649 0.038922 0.093294
1 0.835774 0.628038 0.036988 0.083811
1 0.867824 0.630511 0.047742 0.087785
1 0.906234 0.625535 0.038891 0.091403
1 0.917429 0.705146 0.063295 0.057835
1 0.596476 0.653002 0.051093 0.074619
3 0.496778 0.88771 0.993555 0.224581
3 0.597696 0.577398 0.658989 0.425764
1 0.419854 0.826571 0.03103 0.045912
3 0.4346 0.299351 0.544127 0.153477
