0 0.095471 0.014033 0.028847 0.028065
0 0.115833 0.007969 0.027171 0.015937
0 0.125627 0.00322 0.021504 0.00644
0 0.11565 0.070278 0.025176 0.061393
0 0.136882 0.054795 0.025112 0.059158
0 0.133594 0.19261 0.032135 0.052767
0 0.15821 0.169144 0.032135 0.052767
0 0.160744 0.732025 0.023052 0.050136
0 0.212211 0.636868 0.026469 0.043587
0 0.157169 0.859778 0.033364 0.032725
0 0.127165 0.915939 0.028017 0.034724
5 0.390649 0.845056 0.03568 0.05069
0 0.406006 0.750364 0.020865 0.036643
2 0.523628 0.821313 0.193724 0.285385
2 0.639795 0.337134 0.309434 0.674269
0 0.645401 0.658152 0.013202 0.020675
0 0.641466 0.678472 0.011398 0.020596
0 0.640524 0.708733 0.007855 0.022675
0 0.636749 0.734642 0.009722 0.024989
0 0.630196 0.789774 0.011462 0.022833
0 0.627354 0.816761 0.011462 0.022833
0 0.621224 0.855086 0.011846 0.036247
0 0.617441 0.912334 0.015134 0.025227
0 0.610728 0.961877 0.009595 0.020517
0 0.613698 0.93936 0.013458 0.029619
2 0.830347 0.023428 0.116889 0.046855
