6 0.015305 0.773752 0.030611 0.075812
6 0.097685 0.777297 0.05357 0.071428
6 0.216068 0.794818 0.031033 0.042538
6 0.558312 0.823809 0.04038 0.05355
6 0.634963 0.831237 0.027147 0.038228
6 0.772926 0.834758 0.021692 0.026021
6 0.936925 0.842829 0.032377 0.056231
6 0.872085 0.550499 0.25583 0.149668
6 0.275733 0.520083 0.055095 0.069396
6 0.586528 0.539865 0.551068 0.348145
6 0.429627 0.411539 0.321612 0.192554
6 0.14545 0.431189 0.290899 0.319747
2 0.541085 0.336754 0.91783 0.673507
2 0.889118 0.728532 0.080895 0.124405
2 0.119694 0.624276 0.184895 0.281937
