0 0.369853 0.617614 0.020891 0.045604
0 0.342736 0.688068 0.020891 0.045604
0 0.307393 0.824987 0.020891 0.045604
0 0.244513 0.89354 0.020387 0.041535
0 0.375302 0.496022 0.011583 0.029056
0 0.388747 0.400312 0.012773 0.026939
0 0.393966 0.371066 0.012773 0.026939
0 0.400482 0.434766 0.012773 0.026939
0 0.361935 0.513547 0.011583 0.029056
0 0.421107 0.319821 0.010743 0.022273
0 0.404725 0.332612 0.009812 0.020618
4 0.153176 0.49717 0.306352 0.809805
4 0.550958 0.80754 0.341477 0.38492
4 0.853154 0.719903 0.290477 0.416951
4 0.88438 0.43547 0.23124 0.261475
4 0.302611 0.543673 0.096568 0.228808
4 0.336726 0.371432 0.108333 0.183069
4 0.394937 0.224258 0.073219 0.180952
4 0.701204 0.457819 0.140577 0.302816
4 0.486265 0.565733 0.187852 0.215462
4 0.551618 0.367313 0.20862 0.160337
4 0.443616 0.328625 0.059516 0.281436
