4 0.5 0.537684 1.0 0.924632
0 0.723157 0.158005 0.031934 0.042819
0 0.735846 0.113275 0.03901 0.04078
0 0.781257 0.111832 0.03901 0.04078
0 0.768502 0.113386 0.03901 0.04078
0 0.254986 0.186153 0.034324 0.033596
0 0.254283 0.15302 0.034324 0.033596
0 0.260924 0.135346 0.034324 0.033596
0 0.255367 0.120691 0.034324 0.033596
0 0.081009 0.261005 0.028962 0.027216
0 0.099172 0.242439 0.028962 0.027216
0 0.109147 0.233558 0.028962 0.027216
0 0.050575 0.266756 0.028962 0.027216
0 0.035552 0.281874 0.028962 0.027216
