1 0.017268 0.765148 0.034537 0.071913
1 0.05999 0.756844 0.061522 0.071913
1 0.086853 0.810157 0.061522 0.071913
1 0.064701 0.836569 0.051088 0.053902
1 0.049163 0.669598 0.061522 0.071913
1 0.158345 0.650383 0.046868 0.064015
1 0.152759 0.643086 0.046868 0.064015
1 0.023054 0.622613 0.046108 0.064015
1 0.020263 0.60668 0.040527 0.064015
1 0.019165 0.491004 0.038331 0.064015
1 0.191097 0.46312 0.036892 0.052998
1 0.143284 0.569983 0.046868 0.064015
0 0.833338 0.732291 0.108349 0.088319
1 0.086685 0.467077 0.036892 0.052998
1 0.09892 0.473486 0.036892 0.052998
1 0.096816 0.455323 0.036892 0.052998
1 0.0595 0.443242 0.036892 0.052998
1 0.079149 0.435512 0.036892 0.052998
1 0.109707 0.376874 0.036892 0.052998
0 0.246871 0.185653 0.09096 0.062268
0 0.257883 0.214988 0.09096 0.062268
0 0.412537 0.210687 0.041864 0.040653
0 0.508849 0.113232 0.051531 0.043042
0 0.567312 0.134257 0.044278 0.038274
0 0.884267 0.346665 0.039595 0.035443
0 0.897506 0.317717 0.04156 0.037975
4 0.549823 0.52051 0.900353 0.668526
