3 0.577445 0.5 0.622453 1.0
1 0.070651 0.929524 0.035257 0.070903
1 0.07931 0.912468 0.031824 0.064021
3 0.099378 0.865143 0.036277 0.072793
5 0.078477 0.873172 0.07229 0.144146
1 0.202312 0.656535 0.03034 0.061098
1 0.265362 0.605443 0.036239 0.072867
1 0.208868 0.611458 0.028382 0.057154
1 0.209711 0.583479 0.022992 0.046328
1 0.258873 0.439856 0.018119 0.036433
3 0.248978 0.523677 0.073969 0.146681
1 0.344688 0.535938 0.034238 0.069014
1 0.381646 0.437797 0.030819 0.062102
6 0.383837 0.313593 0.026509 0.053047
2 0.350293 0.28902 0.057447 0.114909
2 0.307469 0.380196 0.08762 0.174373
3 0.417613 0.277278 0.141498 0.280709
1 0.368438 0.23086 0.02153 0.04336
1 0.37713 0.204966 0.019079 0.038442
1 0.442773 0.053246 0.021515 0.043389
1 0.438793 0.066935 0.017617 0.035473
1 0.433613 0.073239 0.016148 0.03252
1 0.429658 0.080054 0.01713 0.034484
2 0.29141 0.27732 0.051472 0.103288
