1 0.56817 0.187811 0.021816 0.028134
1 0.552177 0.202417 0.025832 0.030354
1 0.556405 0.21737 0.025832 0.030354
1 0.56553 0.24691 0.025832 0.030354
1 0.607719 0.395783 0.024308 0.028274
1 0.601967 0.38023 0.024308 0.028274
3 0.570858 0.316735 0.041787 0.136851
3 0.57175 0.750692 0.095931 0.313916
1 0.673633 0.849274 0.021332 0.029102
1 0.673625 0.862247 0.019553 0.020701
1 0.672947 0.87559 0.021561 0.021811
1 0.723784 0.899363 0.016576 0.021526
1 0.730127 0.921794 0.017615 0.024574
3 0.408297 0.675451 0.346997 0.649099
3 0.653615 0.647078 0.078555 0.317912
