1 0.104912 0.991319 0.038227 0.017361
1 0.13105 0.981327 0.039866 0.037346
5 0.325701 0.696476 0.084103 0.150797
1 0.319048 0.684651 0.025076 0.053055
1 0.31626 0.671106 0.024752 0.051826
1 0.407264 0.584503 0.028573 0.06295
1 0.370536 0.449736 0.023369 0.058345
1 0.440278 0.435819 0.025348 0.067525
1 0.422736 0.379739 0.021952 0.063055
1 0.425919 0.372455 0.017842 0.052513
1 0.430713 0.356403 0.022208 0.060666
1 0.440882 0.348814 0.017842 0.052513
1 0.448159 0.346632 0.018746 0.05258
1 0.443835 0.334706 0.019104 0.055617
1 0.45402 0.32867 0.02098 0.05937
1 0.469102 0.315897 0.019718 0.056266
1 0.471585 0.301499 0.017517 0.051284
1 0.47852 0.296537 0.017739 0.047086
1 0.428362 0.212058 0.019259 0.047803
5 0.488768 0.253533 0.05232 0.109282
1 0.543188 0.258923 0.020656 0.058141
1 0.550286 0.254575 0.021851 0.05763
0 0.132395 0.489019 0.022997 0.038449
0 0.142093 0.481142 0.018987 0.033332
0 0.152066 0.469833 0.026135 0.045307
1 0.623497 0.160051 0.021783 0.054012
1 0.634033 0.143438 0.023267 0.052918
1 0.626001 0.09067 0.019549 0.047222
1 0.709104 0.048523 0.022073 0.053431
1 0.717166 0.032949 0.022943 0.051691
3 0.837723 0.470617 0.324554 0.638624
3 0.678203 0.120387 0.076873 0.118346
3 0.828439 0.018829 0.155641 0.037658
3 0.919372 0.088115 0.080708 0.146328
