1 0.500699 0.013949 0.032062 0.027898
1 0.54449 0.007709 0.03243 0.015418
1 0.546201 0.023945 0.029681 0.028867
1 0.546377 0.040737 0.027821 0.031011
1 0.551665 0.031467 0.030753 0.025145
1 0.554214 0.05669 0.028106 0.025715
1 0.559041 0.065102 0.02653 0.022564
1 0.562981 0.099742 0.028609 0.032586
1 0.564977 0.117406 0.025659 0.029032
1 0.573494 0.185797 0.026732 0.025313
1 0.619925 0.033932 0.021537 0.027825
5 0.58271 0.148707 0.051069 0.082197
1 0.607806 0.400339 0.023296 0.024306
1 0.594264 0.407113 0.023296 0.024306
1 0.595372 0.42223 0.023296 0.024306
1 0.602395 0.451055 0.023296 0.024306
1 0.628079 0.590921 0.021922 0.023904
1 0.632236 0.609354 0.021922 0.023904
3 0.603766 0.532069 0.037128 0.130559
3 0.653225 0.84324 0.050677 0.242107
3 0.572805 0.895591 0.098345 0.208818
3 0.395716 0.754931 0.286153 0.490137
