3 0.524884 0.248513 0.263616 0.19863
3 0.926147 0.657914 0.144558 0.20012
3 0.518272 0.735317 0.431948 0.529367
1 0.39847 0.670249 0.039287 0.087702
1 0.419182 0.713079 0.043063 0.124918
1 0.150051 0.373889 0.027763 0.109152
1 0.249695 0.213572 0.017367 0.072386
1 0.271902 0.2048 0.020449 0.069421
3 0.129235 0.281739 0.239762 0.215959
1 0.734757 0.348931 0.017592 0.059145
1 0.782046 0.238002 0.009369 0.040417
1 0.726083 0.338991 0.014167 0.058001
1 0.71975 0.326313 0.013597 0.059141
1 0.712101 0.32094 0.014282 0.05937
1 0.705025 0.312944 0.015652 0.059828
1 0.698976 0.305289 0.016108 0.057318
