3 0.386608 0.5 0.408863 1.0
1 0.514365 0.068991 0.03525 0.040003
1 0.551464 0.002753 0.027512 0.005505
1 0.576784 0.009592 0.025274 0.019185
1 0.59167 0.142012 0.023261 0.024878
1 0.593909 0.158787 0.024782 0.026937
3 0.560263 0.090023 0.044031 0.180047
1 0.515618 0.323478 0.042184 0.049935
1 0.526983 0.354788 0.037442 0.042418
1 0.589582 0.293346 0.017089 0.025324
1 0.595879 0.429421 0.024111 0.026579
1 0.612535 0.352251 0.022278 0.026846
1 0.636503 0.496865 0.02107 0.022462
1 0.66188 0.64935 0.018923 0.025055
1 0.660157 0.63374 0.018698 0.018704
1 0.659059 0.622824 0.020086 0.02443
1 0.657873 0.611238 0.018878 0.020047
3 0.648288 0.943577 0.061028 0.112847
3 0.632558 0.402658 0.043717 0.164171
3 0.57929 0.504399 0.089358 0.338096
2 0.589971 0.395919 0.038965 0.063173
2 0.634943 0.310105 0.110223 0.11616
