3 0.758412 0.051645 0.214713 0.103291
3 0.604293 0.644429 0.293772 0.711143
1 0.569134 0.804071 0.05347 0.098777
1 0.545192 0.834741 0.039107 0.072772
1 0.341256 0.919637 0.034133 0.056295
1 0.343677 0.885022 0.034342 0.05399
1 0.477614 0.394345 0.030231 0.045226
1 0.511601 0.192301 0.030295 0.046986
3 0.334071 0.961063 0.16144 0.077874
3 0.429553 0.449146 0.143535 0.450865
1 0.515902 0.1796 0.028952 0.042122
1 0.520475 0.168786 0.030295 0.046986
1 0.527096 0.149125 0.028344 0.041451
1 0.51288 0.10724 0.028072 0.041996
1 0.534112 0.094997 0.025912 0.038765
