3 0.769302 0.143172 0.298517 0.286344
3 0.548037 0.65238 0.411193 0.695239
3 0.176471 0.968327 0.143892 0.063346
3 0.336124 0.431018 0.212476 0.439054
1 0.171546 0.933803 0.043452 0.085898
1 0.182756 0.884162 0.043544 0.085714
1 0.429006 0.329924 0.035118 0.069184
1 0.485968 0.118025 0.026305 0.051464
1 0.493892 0.860811 0.064162 0.12695
1 0.464723 0.88673 0.055964 0.111928
1 0.45969 0.18114 0.028223 0.055484
1 0.4655 0.173992 0.027287 0.053429
1 0.470808 0.165886 0.02635 0.051372
1 0.478058 0.155724 0.026328 0.051419
1 0.438576 0.034278 0.017833 0.035025
1 0.445128 0.012447 0.018884 0.024893
