1 0.468973 0.963925 0.037164 0.033835
1 0.467232 0.980254 0.035029 0.032095
1 0.394789 0.993579 0.024928 0.012841
1 0.369703 0.973252 0.022792 0.019012
1 0.366895 0.834335 0.019452 0.021188
1 0.362607 0.815554 0.022101 0.018894
1 0.361738 0.632396 0.02216 0.020277
1 0.345133 0.635239 0.020776 0.02004
1 0.408377 0.720596 0.021705 0.025694
6 0.401597 0.562147 0.019707 0.043211
2 0.383972 0.581893 0.030123 0.077963
2 0.336029 0.797103 0.034134 0.107496
1 0.334528 0.305986 0.018068 0.020951
1 0.334952 0.324036 0.018641 0.018302
1 0.335396 0.334414 0.018582 0.016917
1 0.334743 0.343587 0.019333 0.01842
1 0.433699 0.286223 0.034337 0.031977
3 0.62415 0.5 0.29666 1.0
3 0.412989 0.486318 0.063379 0.325425
3 0.377531 0.105097 0.05915 0.210194
3 0.395328 0.91241 0.027371 0.142054
3 0.33833 0.508855 0.035453 0.202508
