3 0.319247 0.5 0.600136 1.0
3 0.463653 0.059989 0.117449 0.119978
3 0.626428 0.424339 0.097902 0.188942
3 0.444335 0.182552 0.14723 0.282658
1 0.428007 0.049555 0.023892 0.048402
1 0.434737 0.097237 0.022774 0.046714
1 0.553819 0.163597 0.016884 0.034935
1 0.556461 0.17422 0.015869 0.033041
1 0.559272 0.180412 0.016411 0.03392
1 0.563895 0.191882 0.017461 0.035745
1 0.490571 0.339989 0.024874 0.050365
1 0.693947 0.703125 0.028491 0.058834
1 0.702581 0.719228 0.027612 0.056666
1 0.702804 0.731987 0.029541 0.060659
