5 0.504435 0.179958 0.049616 0.138913
1 0.511771 0.173923 0.021771 0.033963
1 0.518664 0.18107 0.020361 0.031144
1 0.511717 0.370468 0.027336 0.035514
1 0.584615 0.374 0.027234 0.021627
1 0.557653 0.498916 0.030736 0.025895
0 0.679379 0.011042 0.014194 0.022085
1 0.588588 0.494964 0.027213 0.01885
1 0.588844 0.507473 0.025089 0.013233
1 0.59568 0.522257 0.029265 0.014743
1 0.593449 0.542334 0.02511 0.016011
1 0.591259 0.556853 0.023731 0.017358
1 0.597539 0.552871 0.027897 0.01748
1 0.596666 0.577154 0.027887 0.016092
1 0.591923 0.608268 0.025814 0.017419
1 0.597274 0.636207 0.024425 0.017378
1 0.658005 0.594236 0.02029 0.021423
1 0.582096 0.764246 0.027928 0.021648
1 0.581294 0.778806 0.027897 0.01748
5 0.610881 0.674804 0.044306 0.077665
1 0.58754 0.968594 0.025191 0.02712
1 0.586376 0.98445 0.024537 0.031099
1 0.612313 0.992497 0.021045 0.015006
3 0.332723 0.946306 0.180082 0.107388
