3 0.126955 0.628943 0.240576 0.276195
3 0.459414 0.241524 0.238468 0.227174
3 0.900547 0.267922 0.180964 0.24086
3 0.561084 0.69698 0.436914 0.606039
1 0.441378 0.741567 0.043508 0.098456
1 0.468424 0.756429 0.05086 0.136991
1 0.151863 0.691978 0.039124 0.11066
1 0.209151 0.461286 0.026146 0.071358
1 0.226364 0.432656 0.024907 0.075552
1 0.693031 0.020426 0.014219 0.040852
1 0.645081 0.193794 0.022805 0.060864
1 0.670304 0.150469 0.017178 0.060096
1 0.655233 0.156203 0.022331 0.070401
1 0.647506 0.152679 0.01527 0.055326
1 0.639064 0.151732 0.018609 0.057237
1 0.632435 0.153357 0.017178 0.060096
