5 0.421777 0.822014 0.071825 0.166688
1 0.412482 0.826263 0.023048 0.039514
1 0.40847 0.815904 0.021745 0.038553
1 0.504851 0.519859 0.04407 0.05276
1 0.376645 0.597049 0.029735 0.042192
1 0.431545 0.493939 0.034296 0.045554
1 0.393787 0.477945 0.031071 0.034167
1 0.394765 0.464605 0.028706 0.03355
1 0.39264 0.446016 0.0309 0.036293
1 0.399175 0.428629 0.027162 0.031285
1 0.402349 0.415426 0.026099 0.031629
1 0.396587 0.418579 0.030009 0.034511
1 0.400979 0.390732 0.027402 0.032589
1 0.409521 0.364464 0.027883 0.035196
1 0.413553 0.338573 0.027642 0.033892
1 0.417498 0.325198 0.026339 0.032931
1 0.394399 0.334073 0.024453 0.03492
1 0.439626 0.245296 0.033336 0.040341
1 0.44611 0.224171 0.031141 0.037598
5 0.403303 0.291789 0.053437 0.103583
1 0.475382 0.025195 0.025585 0.038007
1 0.477579 0.015343 0.025174 0.030686
1 0.454567 0.006525 0.026889 0.013051
3 0.761397 0.20224 0.292216 0.40448
