5 0.414852 0.172689 0.074226 0.163743
1 0.420459 0.154405 0.025574 0.045349
1 0.427515 0.156808 0.023341 0.040356
1 0.504536 0.463786 0.039904 0.06399
1 0.534412 0.265831 0.028785 0.046497
1 0.543486 0.41107 0.032755 0.051801
1 0.569657 0.369583 0.028552 0.041286
1 0.573937 0.379106 0.02666 0.037502
1 0.581583 0.386424 0.027342 0.039921
1 0.586174 0.408355 0.02303 0.033407
1 0.58743 0.421289 0.023713 0.035826
1 0.594254 0.414387 0.024581 0.035981
1 0.597992 0.433291 0.024923 0.037191
1 0.601606 0.46589 0.026815 0.040976
1 0.609167 0.488456 0.023976 0.035298
1 0.612579 0.500554 0.023976 0.035298
5 0.632896 0.504739 0.053351 0.101428
1 0.655011 0.481383 0.01067 0.020285
1 0.626631 0.589946 0.029126 0.047706
1 0.631866 0.612743 0.029048 0.045969
1 0.686521 0.783897 0.025419 0.041874
1 0.690275 0.797203 0.024892 0.042929
1 0.712219 0.773241 0.024551 0.04172
1 0.739338 0.949948 0.026365 0.043767
1 0.746573 0.965704 0.026442 0.045503
3 0.515813 0.923327 0.316976 0.153346
3 0.703551 0.886674 0.063882 0.163617
