1 0.462715 0.020993 0.037143 0.041986
1 0.462895 0.033355 0.038941 0.053363
1 0.580387 0.099177 0.023084 0.031141
1 0.587668 0.113631 0.023336 0.032436
6 0.583003 0.388487 0.014707 0.038906
3 0.543997 0.06658 0.04718 0.13316
1 0.557198 0.228984 0.024092 0.036319
1 0.614678 0.290823 0.021538 0.02884
1 0.631829 0.290893 0.021538 0.02884
1 0.584803 0.457128 0.102018 0.315558
2 0.598625 0.357704 0.040489 0.075441
2 0.601768 0.253178 0.071305 0.157638
1 0.68617 0.591377 0.018302 0.026322
1 0.683797 0.575342 0.018302 0.026322
1 0.68243 0.564484 0.018302 0.026322
1 0.682861 0.555206 0.018302 0.026322
1 0.592379 0.666576 0.039049 0.056744
3 0.392277 0.504132 0.439853 0.991736
3 0.652149 0.397288 0.050164 0.167558
3 0.681667 0.885762 0.063291 0.228476
