3 0.560662 0.635549 0.668763 0.728901
1 0.010829 0.681082 0.021659 0.071326
1 0.046779 0.643959 0.025152 0.07263
1 0.058398 0.634714 0.024436 0.068717
1 0.102617 0.623788 0.025328 0.070499
1 0.085897 0.607187 0.027045 0.070627
5 0.0668 0.585672 0.0709 0.134358
1 0.285556 0.506131 0.024325 0.074283
1 0.229474 0.464363 0.019982 0.059809
1 0.241228 0.441708 0.018614 0.055419
1 0.247729 0.390359 0.015941 0.050073
1 0.315114 0.348424 0.014812 0.046987
1 0.321841 0.342759 0.014876 0.050423
1 0.412878 0.476519 0.02641 0.082587
1 0.427152 0.453497 0.023912 0.07511
1 0.389858 0.336596 0.014207 0.037508
1 0.43983 0.268214 0.014748 0.043552
1 0.4564 0.312285 0.017659 0.050202
2 0.448887 0.331836 0.04389 0.088606
2 0.4145 0.271228 0.042479 0.139531
3 0.463837 0.21958 0.083699 0.096289
3 0.292253 0.415446 0.085894 0.099025
3 0.49259 0.338297 0.159701 0.19372
1 0.560719 0.159007 0.014445 0.038813
1 0.5531 0.163845 0.012727 0.038684
1 0.547644 0.16636 0.010946 0.035121
1 0.542841 0.168399 0.013205 0.041293
1 0.486004 0.225537 0.01427 0.040944
1 0.720778 0.144623 0.097014 0.132016
1 0.891139 0.166328 0.032629 0.082621
1 0.906504 0.165432 0.033933 0.083576
