3 0.350504 0.63867 0.335817 0.72266
1 0.263678 0.003545 0.024974 0.00709
1 0.270736 0.010362 0.023427 0.020724
5 0.287394 0.030411 0.044273 0.060821
1 0.288685 0.054074 0.023427 0.039149
1 0.353085 0.215328 0.021152 0.034145
1 0.34579 0.230037 0.020196 0.032232
1 0.349957 0.239583 0.018876 0.02914
1 0.359907 0.259947 0.019013 0.030774
1 0.40201 0.358139 0.016511 0.026224
1 0.406202 0.371736 0.018058 0.028864
1 0.505591 0.695435 0.017102 0.026953
1 0.506527 0.702439 0.018147 0.026776
1 0.508419 0.709897 0.019467 0.02987
1 0.542076 0.741001 0.015694 0.025948
1 0.528985 0.919499 0.024018 0.039877
1 0.536742 0.971123 0.029565 0.045985
