1 0.587926 0.114314 0.034201 0.028156
1 0.629729 0.030555 0.027914 0.025644
1 0.634856 0.06356 0.024456 0.025016
1 0.654411 0.093608 0.021439 0.018981
1 0.644929 0.233438 0.02081 0.020238
1 0.646 0.248274 0.022696 0.016465
1 0.547173 0.351669 0.037281 0.035573
1 0.61279 0.465382 0.022507 0.027406
1 0.626596 0.537619 0.018797 0.021245
1 0.627888 0.578297 0.01798 0.018353
6 0.587864 0.499908 0.018042 0.034826
3 0.574917 0.554737 0.061149 0.319756
1 0.552143 0.388133 0.034893 0.028281
2 0.672394 0.488751 0.054938 0.167729
2 0.633591 0.36038 0.056193 0.195393
2 0.684293 0.303339 0.058894 0.224691
3 0.627635 0.168936 0.03249 0.186977
3 0.63961 0.52743 0.016905 0.100468
1 0.625325 0.750063 0.017351 0.01961
1 0.627367 0.735791 0.018546 0.015712
1 0.628969 0.715859 0.017351 0.01961
1 0.62724 0.723217 0.017163 0.015461
3 0.559208 0.983877 0.049028 0.032245
2 0.555125 0.014278 0.085684 0.028556
3 0.36788 0.510245 0.289819 0.979511
