3 0.820391 0.121987 0.241419 0.243974
3 0.439407 0.42232 0.177527 0.408777
1 0.493355 0.391784 0.030426 0.056358
1 0.552679 0.124121 0.029114 0.053122
1 0.574387 0.119088 0.023691 0.04248
1 0.56414 0.168629 0.026315 0.048954
1 0.553775 0.187584 0.028677 0.052044
1 0.54871 0.194566 0.023793 0.042275
1 0.543513 0.208491 0.028677 0.052044
3 0.592942 0.681542 0.333156 0.636917
1 0.545646 0.839517 0.052455 0.100211
1 0.362552 0.992195 0.049263 0.015611
3 0.276467 0.940997 0.184834 0.118006
1 0.306359 0.866352 0.032789 0.05945
1 0.314222 0.832617 0.033532 0.059915
