3 0.568899 0.920158 0.203008 0.159684
3 0.584751 0.449179 0.436443 0.898358
1 0.214385 0.985868 0.031353 0.028263
1 0.219016 0.97439 0.029851 0.044072
1 0.223861 0.959013 0.02672 0.041067
1 0.219079 0.962895 0.028924 0.042219
1 0.221519 0.938279 0.029901 0.040264
1 0.221745 0.92771 0.028649 0.039063
1 0.229056 0.890823 0.028298 0.041618
1 0.232198 0.876123 0.027371 0.039764
1 0.244103 0.812062 0.024842 0.039264
5 0.231132 0.840438 0.043472 0.092806
1 0.271467 0.604934 0.021436 0.033105
1 0.28578 0.607886 0.023365 0.0311
1 0.286743 0.592636 0.022388 0.033053
1 0.29165 0.565765 0.025193 0.03671
3 0.309078 0.512396 0.043471 0.116898
1 0.307923 0.427328 0.020234 0.028095
1 0.31089 0.410148 0.021462 0.031201
3 0.416111 0.228453 0.091825 0.248121
1 0.407552 0.015344 0.020535 0.029347
1 0.411997 0.009975 0.017755 0.019949
1 0.413199 0.00965 0.02081 0.0193
3 0.354957 0.194404 0.088618 0.250825
