3 0.557384 0.753537 0.560378 0.492927
3 0.607513 0.317587 0.130477 0.177337
3 0.37259 0.603402 0.227566 0.285616
3 0.082617 0.755666 0.136906 0.182592
3 0.279341 0.462816 0.176649 0.193662
1 0.12124 0.755603 0.028738 0.085603
1 0.197543 0.710484 0.027189 0.083266
1 0.115339 0.660649 0.024271 0.063746
1 0.126925 0.638423 0.024417 0.067078
1 0.278106 0.51184 0.017698 0.05516
1 0.411936 0.36643 0.01507 0.042304
1 0.409018 0.344809 0.011683 0.030968
1 0.416249 0.347151 0.014047 0.042538
1 0.422355 0.342159 0.014691 0.043064
1 0.431617 0.336088 0.015976 0.044115
1 0.444868 0.327506 0.017525 0.046452
1 0.838042 0.287435 0.03619 0.090623
1 0.861489 0.281022 0.040834 0.097632
1 0.624238 0.410445 0.039085 0.08121
