1 0.189875 0.993335 0.038355 0.01333
1 0.125052 0.876688 0.033355 0.074317
1 0.217811 0.802525 0.03526 0.078129
1 0.18624 0.755391 0.028354 0.069072
1 0.188322 0.74479 0.025853 0.064545
1 0.193199 0.71787 0.028474 0.070738
1 0.204629 0.707379 0.027043 0.065975
1 0.213559 0.696653 0.027043 0.065975
1 0.204983 0.692373 0.027043 0.065975
1 0.217901 0.676045 0.026926 0.068118
1 0.219744 0.6633 0.024423 0.059783
1 0.234626 0.637322 0.024423 0.059783
1 0.242305 0.626478 0.024303 0.058117
1 0.270103 0.580124 0.023233 0.058353
5 0.247415 0.577406 0.059795 0.124346
1 0.175892 0.556391 0.02061 0.048352
1 0.357542 0.416762 0.020491 0.050493
1 0.368801 0.438072 0.020849 0.051684
1 0.373385 0.431754 0.021922 0.055256
1 0.385765 0.405542 0.020491 0.050493
1 0.438202 0.299617 0.017513 0.04311
1 0.443737 0.285678 0.01787 0.0443
1 0.646917 0.034318 0.015607 0.039298
1 0.652693 0.030621 0.014536 0.039534
1 0.65823 0.02883 0.019419 0.046922
1 0.855399 0.048776 0.022397 0.054305
1 0.87088 0.04233 0.030019 0.065743
3 0.739891 0.517619 0.520219 0.922138
3 0.418927 0.377048 0.06681 0.112222
3 0.628864 0.247994 0.175655 0.287117
3 0.539638 0.147796 0.136586 0.205174
3 0.837401 0.057291 0.163146 0.114581
