1 0.126744 0.301573 0.023091 0.071942
1 0.114474 0.289756 0.016802 0.069178
1 0.081125 0.217346 0.018182 0.057216
1 0.100836 0.195882 0.016034 0.055374
1 0.106748 0.139903 0.014347 0.049545
1 0.204217 0.158817 0.012813 0.046477
1 0.21434 0.152688 0.011432 0.046169
1 0.235843 0.218267 0.017645 0.059822
1 0.259115 0.245809 0.015575 0.059361
1 0.282401 0.153872 0.010588 0.043256
3 0.163105 0.206957 0.109748 0.098059
3 0.38664 0.308451 0.165731 0.124161
6 0.354397 0.272622 0.027304 0.037435
2 0.321963 0.227666 0.061509 0.06414
3 0.36235 0.14862 0.145021 0.082741
1 0.469558 0.168306 0.007597 0.038499
1 0.474312 0.170763 0.006063 0.035431
1 0.479834 0.171993 0.010203 0.036353
1 0.486314 0.174834 0.008287 0.038653
1 0.508985 0.100227 0.008515 0.030525
1 0.520297 0.091566 0.007826 0.030371
3 0.609344 0.299361 0.11527 0.099289
1 0.742573 0.441531 0.017952 0.065344
1 0.759098 0.4522 0.021404 0.066113
1 0.841801 0.497871 0.029455 0.063816
3 0.358484 0.684787 0.608805 0.630427
5 0.981081 0.196479 0.037837 0.036062
