3 0.396402 0.508696 0.53313 0.982608
1 0.410902 0.048672 0.03383 0.055785
1 0.412116 0.064642 0.035369 0.058493
1 0.533624 0.082894 0.022516 0.039837
1 0.540986 0.094727 0.021329 0.034494
2 0.544201 0.157471 0.087557 0.174002
6 0.569751 0.349321 0.025056 0.048257
2 0.587733 0.315736 0.045957 0.097109
1 0.587216 0.253531 0.020179 0.032937
3 0.577435 0.422784 0.118764 0.290966
1 0.608993 0.624947 0.036352 0.062313
1 0.689471 0.5109 0.020587 0.035979
1 0.684501 0.494986 0.019622 0.034049
1 0.682444 0.485194 0.020587 0.035979
1 0.680876 0.478089 0.021347 0.036386
1 0.622321 0.346046 0.016915 0.027893
3 0.627608 0.317077 0.077556 0.195932
3 0.721498 0.814753 0.082916 0.20257
3 0.492869 0.066798 0.067598 0.133596
