1 0.103937 0.936412 0.021144 0.050106
1 0.115606 0.925117 0.02325 0.057445
1 0.121865 0.925155 0.022686 0.052798
1 0.1295 0.90671 0.020558 0.051279
1 0.135579 0.898656 0.01843 0.049761
1 0.13752 0.889423 0.018054 0.046663
1 0.142057 0.881745 0.017099 0.042798
1 0.146688 0.875609 0.015565 0.038166
3 0.211374 0.830729 0.207492 0.316476
3 0.411932 0.597515 0.167537 0.265494
2 0.437438 0.477095 0.031543 0.069732
2 0.36475 0.462605 0.11493 0.226341
1 0.710662 0.206753 0.015956 0.037384
1 0.728613 0.180472 0.017874 0.043174
1 0.736136 0.173004 0.015956 0.037384
