5 0.048003 0.353288 0.096006 0.296388
1 0.095306 0.370285 0.037511 0.102315
1 0.11584 0.372213 0.033793 0.07639
1 0.129298 0.291149 0.039711 0.097912
1 0.154561 0.306462 0.030937 0.073321
1 0.144514 0.400036 0.040584 0.106701
5 0.373888 0.397961 0.076397 0.12462
1 0.372231 0.381495 0.019087 0.047859
1 0.377717 0.372698 0.017772 0.043467
1 0.46187 0.449801 0.030946 0.062771
1 0.491656 0.314455 0.016884 0.055779
1 0.539142 0.403063 0.020395 0.062802
1 0.550198 0.345282 0.016222 0.058857
1 0.555688 0.345269 0.01403 0.049193
1 0.563812 0.342615 0.016665 0.054461
1 0.573262 0.354012 0.012713 0.048318
1 0.580074 0.361463 0.01403 0.049193
1 0.580068 0.350483 0.014466 0.055346
1 0.591822 0.359019 0.017321 0.058415
1 0.605666 0.374798 0.015125 0.055784
1 0.617416 0.378943 0.014906 0.054465
1 0.621591 0.382447 0.017545 0.0527
5 0.641564 0.363514 0.05179 0.110625
1 0.642177 0.284895 0.016232 0.044791
1 0.675654 0.451276 0.016224 0.055341
1 0.680266 0.452143 0.014909 0.050949
1 0.802046 0.470084 0.019085 0.051376
1 0.779011 0.509667 0.019962 0.053131
1 0.786811 0.515579 0.021061 0.052689
1 0.881054 0.573772 0.020181 0.05445
1 0.893792 0.574181 0.021502 0.051808
3 0.828572 0.579166 0.094849 0.140391
3 0.968326 0.62824 0.063349 0.099581
0 0.340284 0.014984 0.021077 0.029968
0 0.358737 0.026428 0.021077 0.031588
0 0.346436 0.021186 0.012731 0.023701
3 0.779438 0.906605 0.328904 0.18679
