5 0.111905 0.933819 0.124069 0.132361
1 0.200701 0.9098 0.049156 0.116907
1 0.178669 0.942065 0.039788 0.10437
1 0.166359 0.901387 0.026215 0.057939
1 0.151749 0.850596 0.042082 0.092428
1 0.179184 0.820279 0.032944 0.083107
5 0.370195 0.596802 0.079665 0.138667
1 0.363381 0.586981 0.02156 0.050695
1 0.365704 0.57037 0.022536 0.050582
1 0.468156 0.482446 0.027831 0.080458
1 0.428989 0.372368 0.019205 0.053563
1 0.497381 0.371149 0.021045 0.057242
1 0.483631 0.315759 0.019323 0.060685
1 0.487623 0.309836 0.015932 0.054592
1 0.493166 0.295634 0.018516 0.05494
1 0.503682 0.289877 0.016333 0.05195
1 0.510865 0.287915 0.016446 0.048044
1 0.507213 0.275217 0.01547 0.048158
1 0.517901 0.26854 0.016734 0.049309
1 0.534796 0.262315 0.017885 0.054365
1 0.546661 0.250751 0.016908 0.054479
1 0.552034 0.24586 0.015126 0.048847
5 0.556419 0.20143 0.051392 0.106916
1 0.541579 0.154662 0.017362 0.038856
1 0.6018 0.226498 0.022597 0.059657
1 0.612057 0.217924 0.022309 0.058393
1 0.70781 0.122364 0.022135 0.053223
1 0.715338 0.118563 0.022135 0.053223
1 0.705469 0.071848 0.020008 0.04828
1 0.804743 0.030308 0.023054 0.055062
1 0.813332 0.023916 0.024951 0.047831
3 0.856409 0.513569 0.287182 0.557352
3 0.76818 0.10098 0.096895 0.137315
0 0.216164 0.360863 0.021381 0.034496
0 0.223061 0.357637 0.013221 0.025065
0 0.235013 0.349808 0.024371 0.043232
