5 0.347782 0.70819 0.085005 0.161207
1 0.341371 0.698563 0.026465 0.055538
1 0.33791 0.686442 0.026465 0.055538
1 0.421266 0.580555 0.030416 0.06507
1 0.444399 0.424017 0.0296 0.066699
1 0.376319 0.457865 0.024116 0.054427
1 0.42365 0.377694 0.022735 0.055251
1 0.427087 0.36939 0.021363 0.052182
1 0.42912 0.351152 0.023627 0.055404
1 0.43926 0.340125 0.019993 0.049114
1 0.446447 0.337565 0.018219 0.044914
1 0.441044 0.330766 0.020798 0.051377
1 0.450096 0.317879 0.019187 0.046851
1 0.456765 0.30668 0.020884 0.049267
1 0.466426 0.289515 0.02145 0.050073
1 0.472366 0.281058 0.020405 0.046352
1 0.41946 0.217436 0.020089 0.043112
5 0.479788 0.237247 0.053582 0.109772
1 0.534046 0.225635 0.022256 0.052336
1 0.540672 0.217907 0.022256 0.052336
1 0.604773 0.113007 0.022256 0.052336
1 0.594241 0.060661 0.021939 0.049094
1 0.616539 0.088585 0.025573 0.055384
3 0.837254 0.379839 0.325493 0.679652
3 0.66235 0.054773 0.083768 0.109545
