1 0.041809 0.301295 0.04648 0.112277
1 0.061772 0.295102 0.045811 0.111905
1 0.088424 0.305606 0.046556 0.117258
1 0.094502 0.202307 0.034659 0.098293
1 0.503287 0.416773 0.022914 0.089289
1 0.502962 0.268824 0.019749 0.066542
1 0.455364 0.16017 0.019005 0.061189
1 0.392767 0.250043 0.017254 0.044167
1 0.385038 0.23565 0.015247 0.04305
5 0.385368 0.261783 0.070565 0.125678
1 0.518292 0.192298 0.017369 0.062748
1 0.523758 0.186689 0.013652 0.058211
1 0.531658 0.181714 0.016887 0.063715
1 0.54199 0.190346 0.014804 0.057618
1 0.548029 0.198752 0.015584 0.054348
1 0.547176 0.186744 0.013728 0.063192
1 0.560929 0.191513 0.015287 0.056652
1 0.575405 0.21182 0.016439 0.056058
1 0.589251 0.21592 0.016625 0.057397
1 0.594268 0.218711 0.015584 0.054348
1 0.587716 0.172538 0.019039 0.052567
1 0.635875 0.264206 0.01986 0.062899
1 0.647155 0.271202 0.017591 0.055465
1 0.764491 0.272334 0.019709 0.052939
1 0.748666 0.316148 0.019225 0.053905
1 0.756024 0.320242 0.020191 0.051973
1 0.846644 0.36057 0.019895 0.054277
1 0.859097 0.361733 0.020191 0.051973
3 0.8025 0.367004 0.093082 0.10117
3 0.936798 0.404243 0.090703 0.097377
5 0.612061 0.19185 0.049156 0.113766
3 0.758717 0.790111 0.440025 0.419777
