1 0.005119 0.41845 0.010238 0.052597
1 0.050331 0.421711 0.014572 0.052748
1 0.058538 0.416643 0.011874 0.05522
1 0.07445 0.413519 0.010714 0.063389
1 0.083407 0.410457 0.008912 0.047983
1 0.09304 0.406626 0.009921 0.034266
3 0.170523 0.442696 0.243486 0.13161
3 0.398474 0.436643 0.193295 0.116463
2 0.397547 0.300431 0.047877 0.158697
2 0.31371 0.22263 0.106753 0.213506
2 0.214089 0.26756 0.104243 0.222911
2 0.083729 0.26692 0.167458 0.189237
1 0.833751 0.382275 0.027707 0.128846
1 0.898409 0.381491 0.035811 0.172592
