3 0.605539 0.5 0.526107 1.0
3 0.302601 0.682879 0.074878 0.186715
3 0.435599 0.379518 0.124204 0.315566
3 0.546488 0.052071 0.10211 0.104141
3 0.377155 0.303147 0.077987 0.216821
1 0.338679 0.826301 0.033743 0.054867
1 0.332481 0.835783 0.032648 0.051324
1 0.25889 0.797832 0.026967 0.043567
1 0.270229 0.767765 0.025195 0.041375
1 0.256201 0.719388 0.025055 0.039743
1 0.295091 0.604185 0.021511 0.03536
1 0.296521 0.586358 0.021962 0.034458
1 0.360172 0.56139 0.020555 0.033449
1 0.349938 0.436052 0.020555 0.033449
1 0.334372 0.421697 0.019965 0.032718
6 0.404751 0.423829 0.02654 0.053981
2 0.384622 0.441393 0.03801 0.076921
2 0.320403 0.506484 0.11023 0.23263
1 0.414338 0.167054 0.018278 0.028444
1 0.416868 0.162834 0.018053 0.028894
1 0.421519 0.153074 0.019599 0.031536
1 0.425902 0.1389 0.020781 0.032997
1 0.512358 0.247468 0.036417 0.055255
