3 0.567413 0.671062 0.409451 0.446103
1 0.465277 0.689778 0.040387 0.112729
1 0.438136 0.653755 0.030026 0.080023
1 0.172308 0.466132 0.023566 0.103052
1 0.039174 0.310135 0.027391 0.086736
1 0.247246 0.2717 0.015455 0.07884
1 0.266614 0.249973 0.017395 0.07207
3 0.144378 0.391253 0.242371 0.166532
3 0.518751 0.173905 0.27741 0.118114
1 0.581993 0.225068 0.013672 0.059299
1 0.749548 0.159342 0.01642 0.058136
1 0.790561 0.125432 0.018914 0.044485
1 0.720495 0.183246 0.011591 0.05913
1 0.710406 0.182674 0.012285 0.059186
1 0.703729 0.179046 0.011591 0.05913
1 0.695276 0.173477 0.014394 0.060743
3 0.944419 0.418046 0.111162 0.164214
