3 0.373754 0.5 0.285479 1.0
3 0.604252 0.952297 0.048412 0.095407
3 0.575821 0.517755 0.060766 0.313267
3 0.595746 0.089541 0.025909 0.12774
3 0.642994 0.458766 0.025323 0.072522
1 0.519748 0.096179 0.037006 0.032833
1 0.527116 0.127155 0.031661 0.037587
1 0.596821 0.012111 0.024094 0.018591
1 0.620319 0.036616 0.022016 0.018295
1 0.621784 0.175646 0.02063 0.018098
1 0.625863 0.192472 0.021967 0.016909
1 0.624964 0.431396 0.019938 0.017999
1 0.6348 0.502401 0.020532 0.015327
1 0.560218 0.646685 0.03458 0.042137
1 0.648651 0.696061 0.018007 0.021859
1 0.648802 0.680723 0.017909 0.019088
1 0.649125 0.670235 0.017761 0.014933
1 0.649522 0.661823 0.019245 0.017901
6 0.586369 0.452204 0.017065 0.03413
2 0.625913 0.369994 0.057723 0.13089
2 0.649973 0.263533 0.075635 0.130682
3 0.646071 0.574593 0.033184 0.119127
