1 0.449855 0.944306 0.020882 0.027507
1 0.458217 0.942924 0.020882 0.027507
1 0.45617 0.929654 0.020882 0.027507
1 0.461277 0.905281 0.020882 0.027507
1 0.476908 0.785175 0.020882 0.027507
1 0.477316 0.768499 0.018686 0.024792
1 0.541482 0.424988 0.015788 0.018158
1 0.544196 0.418083 0.015788 0.018158
1 0.544714 0.411077 0.015788 0.018158
1 0.541367 0.347444 0.016022 0.019465
1 0.601363 0.247348 0.019105 0.023955
1 0.621125 0.170039 0.021351 0.030122
1 0.653919 0.057075 0.028492 0.031824
3 0.598028 0.61161 0.186386 0.696478
