3 0.337704 0.5 0.590713 1.0
1 0.474172 0.092427 0.025671 0.05078
1 0.580927 0.209689 0.019332 0.037927
1 0.584061 0.216186 0.017815 0.035068
1 0.586687 0.224629 0.016351 0.032106
1 0.590286 0.234089 0.015834 0.031176
3 0.517268 0.090769 0.100464 0.181538
6 0.461683 0.143548 0.026959 0.054094
3 0.475237 0.220648 0.151122 0.308522
2 0.483593 0.109952 0.033255 0.065071
3 0.641118 0.481466 0.114869 0.233736
1 0.703142 0.768044 0.030168 0.05946
1 0.70952 0.796265 0.031668 0.062353
1 0.742682 0.905006 0.040899 0.081203
