3 0.294403 0.700431 0.588805 0.599137
3 0.260114 0.357628 0.163844 0.096092
3 0.4611 0.252917 0.109833 0.068739
3 0.197545 0.223384 0.151731 0.061459
3 0.036582 0.352041 0.073163 0.066292
1 0.038462 0.29929 0.017305 0.046319
1 0.050769 0.292211 0.014788 0.054297
1 0.192008 0.292248 0.013189 0.047195
1 0.352113 0.374153 0.020643 0.042587
1 0.225128 0.328532 0.012678 0.03056
1 0.322626 0.184356 0.008081 0.038281
1 0.32936 0.1884 0.008647 0.034207
1 0.334297 0.190576 0.008732 0.03698
1 0.341879 0.188252 0.007346 0.03681
1 0.61983 0.312727 0.010715 0.056559
1 0.605557 0.312393 0.009893 0.052314
1 0.604556 0.279817 0.009425 0.037065
0 0.963894 0.007723 0.017754 0.015446
0 0.928459 0.009022 0.020527 0.016333
0 0.90236 0.00875 0.018491 0.017464
0 0.885767 0.012181 0.014246 0.01418
0 0.847864 0.012664 0.016325 0.014436
0 0.814855 0.013937 0.011388 0.011067
0 0.802725 0.015428 0.010696 0.010981
