3 0.347706 0.5 0.492577 1.0
1 0.527982 0.016782 0.024534 0.033565
6 0.517684 0.143188 0.018936 0.044097
2 0.541003 0.076724 0.084145 0.153448
2 0.496175 0.011786 0.075133 0.023571
3 0.521847 0.220524 0.11853 0.355346
1 0.548012 0.423364 0.035719 0.051516
1 0.673683 0.29871 0.013667 0.01924
1 0.630668 0.303612 0.018325 0.026689
1 0.627566 0.292738 0.018946 0.027309
1 0.625086 0.281243 0.017084 0.021718
1 0.623692 0.274099 0.018636 0.026067
3 0.651364 0.594954 0.07355 0.20313
1 0.660883 0.880378 0.035095 0.054625
1 0.666459 0.913617 0.036336 0.057731
