3 0.034698 0.424729 0.069396 0.075207
1 0.038218 0.371723 0.019022 0.049852
1 0.049422 0.361543 0.018035 0.054965
1 0.188357 0.337703 0.012833 0.048103
1 0.224961 0.374347 0.013035 0.041422
3 0.255044 0.398107 0.156522 0.117019
3 0.196215 0.270257 0.16558 0.092624
1 0.314745 0.215716 0.008909 0.040256
1 0.32093 0.218877 0.007931 0.035935
1 0.326577 0.219384 0.009014 0.032199
1 0.333061 0.216851 0.009799 0.033768
3 0.456525 0.261907 0.124406 0.101203
1 0.613929 0.295969 0.012235 0.058716
1 0.599687 0.297891 0.01616 0.066564
1 0.597004 0.274804 0.010374 0.051451
3 0.318703 0.701276 0.557703 0.597449
