3 0.454315 0.646803 0.640212 0.706394
3 0.143228 0.673004 0.112923 0.176615
3 0.291693 0.376353 0.129586 0.175715
3 0.351139 0.474854 0.159761 0.239346
3 0.512823 0.208469 0.125977 0.188657
1 0.073536 0.78336 0.025907 0.060723
1 0.089286 0.737504 0.028049 0.064069
1 0.080958 0.681833 0.024 0.056908
1 0.14045 0.773782 0.030223 0.07498
1 0.149853 0.771326 0.031645 0.075949
1 0.161751 0.584012 0.019934 0.045964
3 0.168207 0.566453 0.019591 0.048559
1 0.236068 0.584139 0.024485 0.059754
1 0.214922 0.550483 0.023749 0.053594
1 0.224682 0.487523 0.015885 0.038803
6 0.316635 0.492276 0.024874 0.039901
2 0.290149 0.469142 0.054705 0.106128
2 0.210338 0.491089 0.056082 0.124355
2 0.25527 0.477277 0.046324 0.080926
1 0.37419 0.266728 0.014463 0.037834
1 0.37967 0.267399 0.013978 0.034988
1 0.384422 0.261646 0.015885 0.038803
1 0.390129 0.256361 0.016605 0.04118
1 0.385786 0.168263 0.011586 0.028329
1 0.441721 0.418759 0.032255 0.080452
1 0.675619 0.142872 0.031395 0.072636
1 0.692988 0.133207 0.031395 0.072636
1 0.792432 0.025188 0.036148 0.050377
