1 0.034513 0.718667 0.032434 0.075282
1 0.07139 0.667138 0.030623 0.073222
1 0.04706 0.705195 0.027178 0.066854
5 0.047242 0.653859 0.076028 0.145287
1 0.204721 0.506702 0.025805 0.062025
1 0.211686 0.476412 0.02158 0.057219
1 0.21249 0.448335 0.018312 0.048601
1 0.212501 0.396395 0.018572 0.04808
1 0.265402 0.507988 0.030362 0.073743
1 0.349927 0.482152 0.033795 0.085816
1 0.398847 0.404144 0.028634 0.07341
1 0.34316 0.362826 0.02313 0.059799
1 0.275619 0.331796 0.018916 0.049287
1 0.282567 0.318302 0.019176 0.048767
1 0.336371 0.347381 0.018312 0.048601
6 0.419647 0.280625 0.014891 0.030823
2 0.401051 0.271418 0.028148 0.057338
2 0.351034 0.203681 0.098259 0.222034
3 0.259132 0.407269 0.093841 0.141857
3 0.451233 0.263874 0.151497 0.225405
1 0.409105 0.188761 0.019093 0.047039
1 0.420971 0.167276 0.017803 0.043938
1 0.506619 0.055483 0.017117 0.041523
1 0.498641 0.065355 0.016169 0.039629
1 0.493296 0.069037 0.014618 0.037048
1 0.488858 0.071688 0.016253 0.041358
3 0.396995 0.154602 0.048258 0.072042
3 0.67171 0.037382 0.086396 0.074763
1 0.831908 0.008042 0.037511 0.016084
3 0.57477 0.573314 0.610739 0.853372
