3 0.311866 0.697923 0.526263 0.604153
3 0.045484 0.251854 0.080515 0.069686
3 0.2134 0.1595 0.157231 0.064261
3 0.273299 0.306113 0.165842 0.077511
3 0.480484 0.244472 0.11312 0.072676
1 0.057002 0.204248 0.016312 0.047184
1 0.069333 0.197037 0.014357 0.052544
1 0.203484 0.228108 0.011615 0.053677
1 0.238085 0.265344 0.012843 0.046866
1 0.343853 0.154778 0.007764 0.036709
1 0.350395 0.157464 0.007039 0.035258
1 0.355204 0.15999 0.008458 0.036773
1 0.363198 0.160028 0.007732 0.035322
1 0.389949 0.342532 0.013002 0.053804
1 0.617634 0.34186 0.009628 0.057648
1 0.61827 0.314111 0.007859 0.040872
1 0.632501 0.345308 0.010418 0.061874
0 0.99065 0.118997 0.0187 0.017234
0 0.957953 0.113073 0.022612 0.020073
0 0.932728 0.106588 0.016305 0.016725
0 0.914675 0.105628 0.01621 0.012562
0 0.876616 0.097967 0.018985 0.012817
0 0.832297 0.090427 0.010692 0.013441
