3 0.297378 0.673422 0.594756 0.653156
3 0.057149 0.239358 0.095602 0.094767
3 0.239792 0.14544 0.170912 0.078811
3 0.502089 0.263236 0.125071 0.094839
3 0.290049 0.322318 0.178268 0.118571
1 0.074849 0.182009 0.017231 0.045733
1 0.087058 0.174546 0.016108 0.051003
1 0.229302 0.234838 0.018613 0.045994
1 0.256332 0.275506 0.01496 0.041193
1 0.37118 0.15486 0.008738 0.040021
1 0.37686 0.160115 0.006534 0.036864
1 0.381041 0.160206 0.007982 0.038507
1 0.390029 0.1619 0.008112 0.041273
1 0.382382 0.375992 0.0144 0.043829
1 0.649344 0.372602 0.010146 0.055362
1 0.648582 0.396174 0.012351 0.058517
1 0.662181 0.40362 0.017947 0.060943
0 0.983672 0.160795 0.020767 0.01899
0 0.963935 0.157772 0.017115 0.01419
0 0.924031 0.146066 0.018367 0.011685
0 0.887583 0.135011 0.011583 0.013147
0 0.875796 0.133486 0.011648 0.01453
