1 0.139178 0.990775 0.025715 0.018451
1 0.14727 0.992097 0.024467 0.015807
1 0.149618 0.985783 0.022781 0.028435
1 0.153258 0.981243 0.022423 0.037514
1 0.159697 0.973499 0.026424 0.053002
1 0.168312 0.959148 0.021081 0.043917
3 0.233628 0.848746 0.225086 0.302509
3 0.419602 0.616225 0.179859 0.323041
2 0.35512 0.509505 0.097904 0.195458
2 0.080705 0.840391 0.161089 0.309718
2 0.289969 0.549583 0.082085 0.166451
1 0.679323 0.173255 0.027753 0.057962
1 0.7014 0.142704 0.038161 0.080183
1 0.751416 0.071809 0.054716 0.117504
