3 0.453163 0.918059 0.158389 0.163883
3 0.509543 0.425469 0.170393 0.34274
3 0.223568 0.231178 0.22888 0.4595
3 0.122154 0.063552 0.061944 0.123596
3 0.098974 0.035541 0.058493 0.071083
1 0.640338 0.879717 0.04233 0.084256
1 0.383799 0.016046 0.024137 0.032093
1 0.38892 0.02099 0.021673 0.04198
1 0.392823 0.029327 0.020691 0.041112
1 0.421735 0.050281 0.02261 0.04513
1 0.40211 0.044164 0.023632 0.047016
1 0.407759 0.043738 0.022155 0.044075
1 0.652274 0.912753 0.042813 0.085255
1 0.927932 0.990151 0.042785 0.019699
1 0.476879 0.600401 0.052595 0.104976
