3 0.320986 0.474696 0.566324 0.949392
1 0.461957 0.100613 0.132505 0.201227
1 0.515236 0.242337 0.031143 0.058025
1 0.566675 0.042754 0.021079 0.035462
1 0.569514 0.054082 0.018272 0.031371
1 0.571179 0.064545 0.019242 0.033311
1 0.576877 0.074286 0.018272 0.031371
3 0.618542 0.328921 0.082004 0.191095
1 0.671484 0.620397 0.027205 0.046496
1 0.66144 0.59637 0.030115 0.052317
1 0.663855 0.57824 0.028536 0.051593
0 0.918386 0.853422 0.022477 0.050129
0 0.906524 0.820872 0.015838 0.036241
0 0.983459 0.991872 0.019415 0.016255
0 0.968297 0.958547 0.016503 0.038789
0 0.956283 0.927939 0.016503 0.038789
0 0.93409 0.862325 0.017321 0.041034
0 0.9143 0.800945 0.010064 0.022563
0 0.907423 0.780893 0.011034 0.024503
