1 0.576406 0.006314 0.02538 0.012629
1 0.601087 0.020017 0.023903 0.023318
1 0.506113 0.031823 0.035991 0.032335
1 0.508115 0.016472 0.035201 0.030755
1 0.609097 0.158762 0.020574 0.023656
1 0.612349 0.173936 0.020056 0.01679
1 0.619347 0.355125 0.022427 0.021531
1 0.633033 0.476005 0.020367 0.02091
1 0.655902 0.672069 0.018617 0.024407
1 0.655001 0.655486 0.019097 0.021867
1 0.655546 0.644084 0.018889 0.019121
1 0.655164 0.634367 0.019783 0.022075
1 0.561951 0.706743 0.035136 0.038787
3 0.576576 0.504982 0.068388 0.310526
6 0.581851 0.435266 0.014264 0.037856
2 0.583639 0.403122 0.026106 0.03472
2 0.596785 0.349293 0.033243 0.102636
2 0.613473 0.272621 0.055891 0.082629
2 0.618912 0.107341 0.048441 0.081722
3 0.580537 0.101366 0.039318 0.174257
3 0.647698 0.48422 0.038164 0.203435
3 0.623103 0.944786 0.044086 0.110429
3 0.373302 0.5 0.318305 1.0
