3 0.432016 0.675719 0.642138 0.648561
3 0.130634 0.595217 0.110711 0.145128
3 0.282847 0.351543 0.163128 0.172254
3 0.347713 0.457333 0.158383 0.203737
3 0.535036 0.228093 0.116706 0.151466
1 0.074981 0.649148 0.023253 0.063459
1 0.0652 0.594771 0.021282 0.054572
1 0.17735 0.58492 0.029811 0.072337
1 0.199509 0.534114 0.022198 0.056405
1 0.156647 0.512123 0.018814 0.050344
1 0.163772 0.499724 0.017545 0.049217
1 0.31723 0.42436 0.017688 0.045266
1 0.438221 0.435535 0.018814 0.050344
1 0.387168 0.249878 0.013879 0.041887
1 0.391998 0.249391 0.0124 0.037515
1 0.396936 0.244251 0.013387 0.037371
1 0.401943 0.242849 0.01395 0.03991
1 0.692667 0.21436 0.024804 0.065856
1 0.71428 0.207341 0.029811 0.072337
1 0.736949 0.208502 0.027907 0.070648
