1 0.3121 0.957387 0.03012 0.048197
1 0.364939 0.827398 0.035729 0.059415
1 0.330509 0.818621 0.031927 0.044585
1 0.330707 0.81024 0.029755 0.041447
1 0.328654 0.786284 0.030405 0.045757
1 0.334343 0.767142 0.029138 0.040813
1 0.339539 0.752962 0.025747 0.038248
1 0.33302 0.75252 0.031309 0.043951
1 0.337487 0.729006 0.024495 0.035142
1 0.337543 0.718137 0.025716 0.034571
1 0.343428 0.690614 0.027284 0.038912
1 0.346605 0.676703 0.024194 0.035743
1 0.358741 0.611107 0.024194 0.035743
1 0.278712 0.682775 0.022071 0.038122
1 0.391187 0.989205 0.034224 0.02159
5 0.340322 0.629678 0.053522 0.098613
1 0.397717 0.489532 0.029487 0.045727
1 0.391925 0.40711 0.026365 0.038882
1 0.409354 0.400011 0.025129 0.037614
1 0.411833 0.370556 0.024828 0.038215
1 0.430567 0.229002 0.020471 0.030103
1 0.432666 0.213205 0.022673 0.036917
3 0.433626 0.299255 0.063883 0.163894
3 0.483825 0.076347 0.114028 0.152693
3 0.747413 0.336884 0.406383 0.673769
3 0.592026 0.085328 0.160674 0.170655
