3 0.553991 0.654699 0.600098 0.690601
3 0.7211 0.177955 0.093687 0.129455
3 0.491103 0.34878 0.165589 0.193952
3 0.285912 0.4005 0.073588 0.082129
6 0.451047 0.342712 0.024752 0.043267
2 0.432722 0.308628 0.038772 0.067742
2 0.374589 0.321624 0.117501 0.185102
2 0.131785 0.481066 0.130758 0.281119
1 0.011504 0.656963 0.023008 0.074138
1 0.047509 0.618421 0.026408 0.067964
1 0.058851 0.609581 0.022676 0.063173
1 0.087155 0.586053 0.025962 0.068855
1 0.218408 0.57587 0.024395 0.07374
1 0.270653 0.551369 0.019789 0.0672
1 0.280412 0.555244 0.02395 0.074631
1 0.220479 0.458409 0.0185 0.059276
1 0.225233 0.449473 0.017409 0.056204
1 0.241897 0.426217 0.015873 0.054024
1 0.247585 0.371397 0.014584 0.0461
1 0.314474 0.335908 0.01503 0.045209
1 0.323067 0.328126 0.013263 0.04524
1 0.467467 0.234902 0.01503 0.045209
1 0.559415 0.162661 0.012635 0.037745
1 0.551712 0.166943 0.01351 0.039495
1 0.546545 0.168844 0.01328 0.041708
1 0.541378 0.170746 0.01569 0.045638
1 0.592265 0.339921 0.024164 0.075952
1 0.885011 0.215899 0.029893 0.078498
1 0.909513 0.21164 0.034515 0.081506
5 0.064193 0.559368 0.068115 0.121082
