3 0.620616 0.5 0.481025 1.0
1 0.329803 0.918419 0.038459 0.062623
1 0.282045 0.904837 0.030033 0.04742
1 0.287518 0.845892 0.028206 0.045416
1 0.287648 0.806432 0.026261 0.039877
1 0.273321 0.759033 0.023766 0.035437
1 0.310371 0.641268 0.022549 0.034102
1 0.311059 0.621429 0.022549 0.034102
1 0.400541 0.761572 0.040462 0.069928
1 0.409206 0.698209 0.038577 0.066157
1 0.439111 0.482311 0.034137 0.05618
1 0.372894 0.589464 0.02577 0.042744
6 0.416397 0.451056 0.019466 0.038382
2 0.380962 0.467628 0.05109 0.107129
2 0.325847 0.464986 0.098666 0.223172
3 0.315847 0.720937 0.063449 0.17858
3 0.44325 0.403685 0.117095 0.31831
1 0.384737 0.391771 0.022058 0.036969
1 0.387528 0.351271 0.021665 0.033982
1 0.429638 0.171733 0.018895 0.030094
1 0.424688 0.186894 0.019563 0.032529
1 0.421771 0.193199 0.017618 0.02699
1 0.419099 0.202942 0.020172 0.033197
3 0.368711 0.352014 0.032863 0.079471
3 0.556309 0.023613 0.072228 0.047227
