1 0.004524 0.393428 0.009048 0.05471
1 0.053506 0.396091 0.009651 0.043563
1 0.068104 0.39663 0.006914 0.046177
1 0.07668 0.389183 0.00777 0.057324
1 0.085071 0.392863 0.007568 0.043442
1 0.093676 0.387498 0.008202 0.039317
3 0.164382 0.424369 0.232749 0.123139
3 0.402859 0.436879 0.193796 0.115323
2 0.416662 0.358959 0.026984 0.043186
2 0.366575 0.330614 0.061705 0.093757
2 0.249459 0.255455 0.171987 0.141794
2 0.123134 0.19195 0.095475 0.079079
1 0.716073 0.357498 0.049513 0.256728
1 0.823397 0.380426 0.055849 0.215483
