3 0.343726 0.5 0.490836 1.0
1 0.541977 0.025499 0.023952 0.035243
6 0.519695 0.133142 0.019658 0.041983
2 0.528392 0.095044 0.040339 0.11333
2 0.547819 0.041188 0.064669 0.082375
3 0.594005 0.140806 0.067926 0.207819
3 0.528449 0.217757 0.11062 0.347851
1 0.633783 0.305219 0.019294 0.027927
1 0.630868 0.289545 0.018704 0.025414
1 0.628486 0.281041 0.017485 0.022309
1 0.627971 0.272317 0.019333 0.026005
1 0.549054 0.413234 0.034485 0.052977
3 0.64295 0.559784 0.083336 0.237973
1 0.683955 0.317917 0.014971 0.019947
1 0.656831 0.873604 0.035038 0.057415
1 0.661477 0.912973 0.035333 0.058673
