3 0.37722 0.5 0.294674 1.0
6 0.597121 0.498574 0.018751 0.046581
2 0.611998 0.501182 0.026776 0.060035
3 0.584418 0.558176 0.057374 0.324846
2 0.660305 0.37309 0.094697 0.219224
2 0.727205 0.402571 0.053868 0.086985
2 0.689133 0.179864 0.044736 0.189332
3 0.655438 0.5353 0.024445 0.116327
1 0.552898 0.348142 0.035631 0.034949
1 0.558883 0.389273 0.036146 0.029494
1 0.590563 0.107342 0.034111 0.030612
1 0.660286 0.081515 0.025528 0.021227
3 0.633938 0.165111 0.02788 0.180264
1 0.630256 0.019894 0.026958 0.022791
1 0.638307 0.050853 0.025528 0.021227
2 0.596661 0.16658 0.047675 0.087568
1 0.651929 0.222398 0.019291 0.020425
1 0.653126 0.239253 0.021192 0.015148
1 0.637531 0.529518 0.02137 0.020693
1 0.640285 0.573712 0.01985 0.016355
1 0.639197 0.748238 0.017905 0.020247
1 0.640727 0.733125 0.018419 0.014791
1 0.640412 0.721255 0.016989 0.013228
1 0.642759 0.713205 0.01985 0.016355
