1 0.502316 0.966177 0.021767 0.014264
1 0.506901 0.952594 0.020408 0.015536
1 0.506489 0.91579 0.0198 0.019643
1 0.502122 0.788264 0.016159 0.01103
1 0.501821 0.773694 0.016187 0.012419
1 0.503462 0.39824 0.015437 0.009586
1 0.504721 0.391881 0.014078 0.010858
1 0.504202 0.383583 0.014771 0.010916
1 0.46583 0.629314 0.068441 0.094307
1 0.503454 0.094509 0.018412 0.019529
3 0.575775 0.944207 0.087999 0.111586
3 0.5766 0.692462 0.077935 0.319516
3 0.529876 0.785975 0.027533 0.092319
3 0.528358 0.240498 0.02646 0.10747
