1 0.043801 0.906845 0.021244 0.053169
1 0.086571 0.864229 0.019552 0.048896
1 0.093128 0.857702 0.023524 0.058174
1 0.099985 0.844255 0.017639 0.04507
1 0.106103 0.835002 0.021755 0.055971
1 0.110709 0.830086 0.01844 0.051122
1 0.115497 0.82576 0.016828 0.044782
1 0.120848 0.810099 0.017651 0.039308
3 0.187164 0.777432 0.219403 0.335996
3 0.401956 0.534542 0.204099 0.305387
2 0.39117 0.4539 0.053289 0.098122
2 0.33977 0.475359 0.088459 0.169352
2 0.222722 0.523747 0.171304 0.302106
2 0.091073 0.682126 0.182146 0.318543
1 0.748531 0.095291 0.102625 0.190582
1 0.806504 0.063295 0.090279 0.12659
