3 0.656351 0.5 0.308537 1.0
3 0.484223 0.627522 0.106934 0.449282
3 0.502102 0.088112 0.063694 0.176225
3 0.376275 0.734632 0.052384 0.271835
1 0.433716 0.94715 0.039247 0.045948
1 0.399442 0.771673 0.026573 0.030364
1 0.408928 0.566485 0.023159 0.022451
1 0.418538 0.513699 0.02452 0.023004
1 0.413081 0.424324 0.021256 0.022985
1 0.411764 0.440797 0.020299 0.019986
1 0.410047 0.450729 0.020437 0.021346
1 0.407852 0.461885 0.022341 0.020815
1 0.47336 0.748534 0.034878 0.035039
1 0.488881 0.703816 0.03039 0.035828
1 0.541923 0.135788 0.036023 0.072047
