3 0.457275 0.662216 0.608857 0.675569
1 0.106434 0.919209 0.037744 0.082435
1 0.118957 0.899187 0.035432 0.079354
1 0.113291 0.810778 0.033702 0.071262
1 0.09625 0.78592 0.026189 0.059325
1 0.082777 0.735447 0.024263 0.055473
1 0.195463 0.660413 0.024647 0.058556
1 0.164268 0.624374 0.021952 0.050464
1 0.170627 0.608392 0.020411 0.047768
1 0.244882 0.572043 0.023301 0.053547
1 0.217348 0.529458 0.020604 0.049311
1 0.431248 0.458925 0.02234 0.045838
1 0.368681 0.291123 0.014634 0.036214
1 0.372919 0.288814 0.014634 0.036214
1 0.377736 0.280728 0.014634 0.036214
1 0.383322 0.274954 0.014634 0.036214
1 0.37756 0.187508 0.014249 0.03313
3 0.280542 0.418563 0.123865 0.185599
3 0.344663 0.508362 0.150441 0.240296
6 0.313459 0.519897 0.027929 0.050069
3 0.513629 0.219 0.114997 0.186001
1 0.664932 0.150927 0.028884 0.067416
1 0.680535 0.140152 0.031196 0.070496
1 0.748341 0.088199 0.031196 0.070496
