5 0.107366 0.156067 0.117802 0.222043
1 0.108084 0.138109 0.03351 0.06702
1 0.114794 0.128495 0.032183 0.063928
1 0.231797 0.231179 0.033223 0.069508
1 0.265615 0.068646 0.028081 0.064474
1 0.327464 0.188976 0.034414 0.076702
1 0.334976 0.118047 0.026181 0.066361
1 0.350842 0.115834 0.026836 0.065047
1 0.360469 0.129568 0.021529 0.052683
1 0.366863 0.139239 0.020941 0.051945
1 0.367541 0.125329 0.021529 0.052683
1 0.37879 0.137819 0.019026 0.048115
1 0.38556 0.139763 0.019026 0.048115
1 0.406225 0.157519 0.019026 0.048115
1 0.398279 0.154099 0.019026 0.048115
1 0.438132 0.194316 0.022118 0.053422
1 0.520279 0.298321 0.020572 0.050769
1 0.537602 0.275797 0.018069 0.046199
1 0.539809 0.310551 0.018438 0.047376
1 0.55467 0.319376 0.019026 0.048115
1 0.407771 0.023333 0.019751 0.044751
1 0.622779 0.368845 0.018726 0.044888
1 0.632053 0.370654 0.018726 0.044888
1 0.845539 0.660951 0.016591 0.041495
5 0.429271 0.152026 0.051715 0.109118
1 0.836027 0.641623 0.022842 0.050059
1 0.840875 0.650993 0.018726 0.044888
1 0.895094 0.61413 0.014157 0.034876
1 0.911608 0.624213 0.015265 0.038405
3 0.647229 0.804996 0.505104 0.390008
3 0.739129 0.6995 0.200518 0.33235
3 0.581782 0.364912 0.066087 0.112925
3 0.740493 0.495383 0.145371 0.228181
