3 0.560142 0.68677 0.372889 0.62646
3 0.849302 0.190628 0.25785 0.381256
3 0.429669 0.404564 0.191889 0.325859
3 0.209571 0.86717 0.21648 0.26566
1 0.496561 0.834091 0.057102 0.117793
1 0.469251 0.839752 0.045815 0.091629
1 0.496269 0.3754 0.028047 0.06088
1 0.234787 0.965419 0.040497 0.069161
1 0.130691 0.943143 0.033587 0.071243
1 0.258024 0.754744 0.028971 0.064882
1 0.26883 0.723757 0.028115 0.062693
1 0.60891 0.148269 0.021411 0.048806
1 0.587464 0.143005 0.022506 0.050517
1 0.593032 0.19335 0.022934 0.051611
1 0.582113 0.206006 0.023361 0.052706
1 0.575786 0.212368 0.022506 0.050517
1 0.568578 0.220987 0.021839 0.049901
