1 0.238471 0.905126 0.028757 0.049892
1 0.256512 0.849892 0.023539 0.04115
1 0.386937 0.5987 0.033602 0.057465
1 0.279387 0.583328 0.017997 0.029218
1 0.28392 0.574285 0.017997 0.029218
1 0.287307 0.566253 0.017947 0.031235
1 0.290751 0.554173 0.018955 0.031136
3 0.224996 0.789885 0.107696 0.29288
3 0.312595 0.774842 0.122778 0.326008
3 0.384167 0.407323 0.095465 0.25021
1 0.498793 0.204343 0.028695 0.044264
1 0.507306 0.17896 0.028857 0.045858
1 0.485436 0.188114 0.019117 0.03273
3 0.490943 0.678474 0.50608 0.643052
