3 0.381615 0.5 0.369054 1.0
3 0.584122 0.09941 0.047915 0.19882
3 0.655612 0.409729 0.053272 0.276197
3 0.645915 0.881231 0.081745 0.237537
1 0.5053 0.038841 0.036506 0.038212
1 0.506787 0.02195 0.035414 0.033854
1 0.576703 0.002322 0.025472 0.004644
1 0.602451 0.008419 0.024654 0.016839
1 0.614386 0.144394 0.02057 0.022651
1 0.619231 0.160861 0.025335 0.02457
1 0.580684 0.263508 0.021387 0.024286
1 0.594131 0.42527 0.019769 0.04715
2 0.617501 0.337234 0.057393 0.128924
2 0.604364 0.234849 0.054122 0.122381
2 0.598623 0.052564 0.089053 0.105128
3 0.587636 0.494472 0.078209 0.316283
1 0.579783 0.680394 0.03678 0.040935
1 0.677284 0.66027 0.019889 0.022377
1 0.674741 0.620916 0.021661 0.02701
1 0.673861 0.629771 0.019071 0.020741
1 0.674548 0.64012 0.020163 0.025101
