3 0.266698 0.895256 0.389385 0.209489
3 0.665813 0.256052 0.151882 0.133572
3 0.89786 0.565554 0.190189 0.40748
1 0.192029 0.516919 0.0272 0.074998
1 0.215097 0.506822 0.024341 0.072529
1 0.320689 0.451089 0.025472 0.096473
1 0.339396 0.439931 0.027224 0.088053
1 0.368358 0.452947 0.025472 0.096473
1 0.364946 0.367168 0.021353 0.075226
1 0.123889 0.369609 0.014211 0.037095
1 0.13457 0.363136 0.013796 0.033013
5 0.136318 0.390771 0.056715 0.076573
1 0.215642 0.345021 0.015343 0.061039
1 0.225439 0.340325 0.015886 0.059955
1 0.307228 0.343178 0.016855 0.069483
1 0.309775 0.319464 0.019324 0.080924
1 0.313022 0.306096 0.01412 0.061846
1 0.326638 0.304097 0.023683 0.085308
1 0.346875 0.311451 0.020257 0.070867
1 0.354053 0.287978 0.013994 0.067014
1 0.365149 0.285588 0.015747 0.058595
1 0.399601 0.282904 0.020937 0.071144
5 0.425262 0.235609 0.084421 0.130903
1 0.507409 0.37084 0.026556 0.094305
1 0.541026 0.276368 0.024064 0.069807
1 0.554831 0.265788 0.020119 0.069506
1 0.568499 0.253847 0.019149 0.05998
1 0.581711 0.254848 0.020245 0.064339
1 0.665129 0.416492 0.030524 0.107661
1 0.682913 0.382324 0.030476 0.081549
1 0.693234 0.445447 0.029705 0.106024
1 0.717152 0.49595 0.057744 0.11874
1 0.708024 0.413207 0.033499 0.098436
1 0.756648 0.333887 0.034306 0.093545
1 0.748613 0.213139 0.025424 0.070361
1 0.874528 0.580011 0.049115 0.085221
