3 0.283166 0.713489 0.566332 0.573022
3 0.467433 0.254761 0.103185 0.071892
3 0.247474 0.338407 0.183718 0.071037
3 0.183794 0.186182 0.169689 0.047096
3 0.023796 0.288622 0.043979 0.03993
1 0.011541 0.247354 0.016244 0.046211
1 0.024107 0.236542 0.013516 0.054478
1 0.183962 0.274387 0.012748 0.041962
1 0.202624 0.289417 0.014178 0.048939
1 0.340261 0.384374 0.018245 0.032373
1 0.321408 0.168632 0.005796 0.040408
1 0.327307 0.169467 0.006465 0.036258
1 0.33285 0.171682 0.006457 0.034869
1 0.339801 0.17046 0.006473 0.037646
1 0.622418 0.352217 0.014211 0.054495
1 0.608555 0.347719 0.010061 0.057172
1 0.60765 0.324778 0.010748 0.055801
0 0.974439 0.075874 0.017451 0.015691
0 0.940426 0.072979 0.020204 0.011591
0 0.912675 0.06815 0.017443 0.014302
0 0.89496 0.069116 0.01536 0.014253
0 0.857487 0.064055 0.020881 0.00883
0 0.824181 0.059093 0.008382 0.008531
0 0.812025 0.059497 0.010474 0.00997
