3 0.421797 0.677125 0.638952 0.645751
3 0.35348 0.419341 0.163055 0.173817
3 0.540719 0.238812 0.124998 0.139807
3 0.130378 0.524491 0.098199 0.109501
3 0.285845 0.307531 0.153764 0.138212
1 0.07311 0.55849 0.020206 0.059225
1 0.133039 0.563635 0.027241 0.066128
1 0.065047 0.501668 0.020227 0.055684
1 0.149254 0.460519 0.019141 0.052614
1 0.160886 0.439887 0.016306 0.046049
1 0.169075 0.427313 0.015836 0.050484
1 0.232756 0.42858 0.021123 0.053892
1 0.328923 0.389205 0.014109 0.043449
1 0.400342 0.225697 0.011253 0.040423
1 0.406056 0.224932 0.010827 0.037779
1 0.409797 0.22325 0.011701 0.039527
1 0.417153 0.223615 0.01281 0.039057
1 0.421236 0.131239 0.010423 0.031595
1 0.706585 0.249358 0.020397 0.064086
1 0.720271 0.257317 0.025428 0.073252
1 0.729441 0.246299 0.027007 0.068346
