3 0.29268 0.663101 0.585361 0.673797
3 0.037829 0.192694 0.044616 0.060615
3 0.203833 0.120131 0.195127 0.107671
3 0.455026 0.245537 0.15113 0.126987
3 0.254634 0.292778 0.183567 0.116744
1 0.026071 0.143303 0.01465 0.047184
1 0.036881 0.133586 0.018644 0.056366
1 0.194746 0.208782 0.014558 0.045808
1 0.219357 0.244097 0.014969 0.041862
1 0.34026 0.133537 0.009463 0.040388
1 0.346523 0.139417 0.007214 0.037082
1 0.350997 0.140615 0.008087 0.04002
1 0.359555 0.143607 0.010059 0.039196
1 0.347175 0.365197 0.021213 0.054349
1 0.630217 0.396837 0.017728 0.06288
1 0.61643 0.388241 0.014379 0.063335
1 0.619741 0.359702 0.009143 0.04571
0 0.993417 0.204389 0.013167 0.016444
0 0.963204 0.195224 0.019002 0.021311
0 0.934319 0.181885 0.018129 0.018373
0 0.91741 0.178059 0.017349 0.016812
0 0.880656 0.161913 0.018633 0.015804
0 0.848444 0.151187 0.010281 0.012216
0 0.837477 0.14755 0.010373 0.013593
