1 0.080318 0.157731 0.017462 0.053953
1 0.091593 0.167037 0.018263 0.062805
1 0.096855 0.179828 0.017636 0.058832
1 0.102624 0.173276 0.015231 0.054929
1 0.108392 0.18056 0.014359 0.053186
1 0.113916 0.184777 0.015231 0.054929
1 0.121131 0.180595 0.013976 0.046982
1 0.128432 0.187391 0.014011 0.043427
3 0.180311 0.262397 0.207412 0.229966
3 0.410933 0.429908 0.210617 0.220068
2 0.416963 0.304087 0.064653 0.111182
1 0.703542 0.603798 0.019867 0.057857
1 0.729159 0.621435 0.018124 0.054371
1 0.770268 0.653954 0.02506 0.071867
