1 0.855178 0.959375 0.033981 0.08125
1 0.80178 0.909375 0.033981 0.08125
1 0.871359 0.88125 0.046926 0.090625
1 0.874595 0.976562 0.033981 0.046875
1 0.902104 0.975 0.024272 0.05
1 0.921521 0.982031 0.033981 0.035937
1 0.955502 0.967187 0.024272 0.05
1 0.960356 0.907813 0.024272 0.05
1 0.951456 0.985156 0.029126 0.029687
1 0.987864 0.932813 0.017799 0.028125
1 0.978155 0.967187 0.024272 0.05
1 0.91343 0.903125 0.024272 0.05
1 0.936084 0.90625 0.024272 0.05
1 0.976537 0.885938 0.024272 0.05
1 0.918285 0.860938 0.024272 0.05
1 0.932039 0.863281 0.029126 0.029687
1 0.952265 0.857812 0.024272 0.05
1 0.93123 0.795312 0.024272 0.05
1 0.90534 0.820312 0.024272 0.05
1 0.894013 0.801562 0.024272 0.05
1 0.932848 0.764062 0.024272 0.05
1 0.915049 0.778125 0.024272 0.05
1 0.885922 0.76875 0.024272 0.05
1 0.868123 0.751563 0.024272 0.05
1 0.855178 0.7375 0.024272 0.05
1 0.822816 0.7375 0.024272 0.05
1 0.808252 0.729688 0.024272 0.05
1 0.789644 0.70625 0.029126 0.05
1 0.653722 0.566406 0.02589 0.064062
1 0.983819 0.303906 0.012945 0.082812
1 0.967638 0.303906 0.035599 0.082812
1 0.943366 0.317188 0.035599 0.090625
1 0.85356 0.397656 0.024272 0.073438
1 0.601133 0.567187 0.037217 0.071875
1 0.538835 0.483594 0.02589 0.057813
1 0.513754 0.477344 0.027508 0.064062
1 0.450647 0.44375 0.040453 0.06875
3 0.455502 0.704688 0.632686 0.578125
3 0.454693 0.257812 0.443366 0.31875
3 0.123786 0.171094 0.218447 0.217188
3 0.786408 0.242188 0.203883 0.20625
1 0.048544 0.171875 0.02589 0.04375
1 0.869741 0.392969 0.024272 0.073438
