3 0.60541 0.633087 0.751866 0.382625
1 0.04944 0.856747 0.024254 0.057301
1 0.06903 0.85305 0.022388 0.049908
1 0.079291 0.844732 0.020522 0.044362
1 0.011194 0.837338 0.018657 0.062847
1 0.017724 0.810536 0.024254 0.049908
1 0.018657 0.767098 0.022388 0.055453
1 0.039179 0.799445 0.018657 0.064695
1 0.051306 0.769871 0.016791 0.060998
1 0.070896 0.761553 0.014925 0.055453
1 0.092351 0.756007 0.016791 0.05915
1 0.143657 0.787431 0.026119 0.055453
1 0.117537 0.753235 0.022388 0.068392
1 0.140858 0.750462 0.024254 0.051756
1 0.058769 0.590573 0.024254 0.038817
1 0.095149 0.580407 0.018657 0.040665
1 0.068097 0.560074 0.016791 0.040665
1 0.083955 0.55915 0.018657 0.042514
1 0.155784 0.530499 0.024254 0.048059
3 0.532649 0.337338 0.29291 0.205176
1 0.73694 0.42329 0.014925 0.033272
