5 0.103696 0.730612 0.203285 0.302041
5 0.160164 0.068367 0.316222 0.132653
1 0.048255 0.25 0.039014 0.05102
1 0.021561 0.254082 0.039014 0.05102
4 0.591376 0.767347 0.361396 0.204082
3 0.347023 0.761224 0.172485 0.257143
1 0.337782 0.615306 0.039014 0.05102
1 0.434292 0.590816 0.039014 0.05102
1 0.588296 0.464286 0.039014 0.05102
1 0.610883 0.443878 0.039014 0.05102
1 0.744353 0.462245 0.039014 0.05102
1 0.73614 0.496939 0.039014 0.05102
1 0.862423 0.330612 0.028747 0.032653
1 0.871663 0.35102 0.039014 0.036735
1 0.336756 0.192857 0.045175 0.046939
3 0.669405 0.256122 0.316222 0.304082
3 0.288501 0.369388 0.470226 0.277551
3 0.903491 0.595918 0.193018 0.420408
