3 0.505822 0.48839 0.988355 0.5
1 0.647744 0.03096 0.032023 0.058824
1 0.681951 0.032508 0.03639 0.06192
1 0.668122 0.123065 0.032023 0.051084
1 0.703057 0.126935 0.02329 0.04644
1 0.722707 0.123839 0.027656 0.058824
1 0.753275 0.133127 0.03639 0.043344
1 0.714702 0.082817 0.029112 0.05418
1 0.754731 0.099845 0.027656 0.094427
1 0.810771 0.123065 0.040757 0.066563
1 0.846434 0.133127 0.033479 0.058824
1 0.883552 0.133901 0.040757 0.05418
0 0.894469 0.084365 0.208151 0.140867
0 0.564047 0.116873 0.184862 0.066563
0 0.115721 0.082817 0.22853 0.156347
1 0.901019 0.53096 0.02329 0.049536
1 0.882096 0.527864 0.017467 0.037152
