1 0.150173 0.936508 0.040276 0.061224
1 0.198504 0.907029 0.040276 0.061224
1 0.244534 0.945578 0.040276 0.061224
1 0.234753 0.978458 0.036824 0.043084
1 0.060414 0.851474 0.040276 0.061224
1 0.153625 0.831066 0.040276 0.061224
1 0.24626 0.770975 0.025316 0.058957
1 0.238205 0.76644 0.025316 0.058957
1 0.110472 0.798186 0.025316 0.058957
1 0.098964 0.785714 0.025316 0.058957
1 0.021864 0.767574 0.025316 0.058957
1 0.050633 0.680272 0.025316 0.058957
1 0.201381 0.586168 0.018412 0.049887
1 0.20023 0.702948 0.025316 0.058957
0 0.89931 0.5839 0.093211 0.056689
1 0.10702 0.630385 0.018412 0.049887
1 0.120829 0.631519 0.018412 0.049887
1 0.111623 0.615646 0.018412 0.049887
1 0.072497 0.619048 0.018412 0.049887
1 0.087457 0.604308 0.018412 0.049887
1 0.09206 0.538549 0.018412 0.049887
0 0.141542 0.309524 0.085155 0.031746
0 0.163406 0.3322 0.085155 0.031746
0 0.303797 0.268141 0.032221 0.030612
0 0.35328 0.141156 0.043728 0.028345
0 0.41542 0.137755 0.036824 0.026077
0 0.791715 0.209751 0.032221 0.024943
0 0.79229 0.178005 0.033372 0.027211
0 0.930955 0.185374 0.036824 0.02381
0 0.953395 0.091837 0.035673 0.020408
4 0.570196 0.49263 0.859608 0.363946
