4 0.653623 0.671937 0.692754 0.656126
0 0.473913 0.268775 0.037681 0.039526
0 0.205797 0.268775 0.034783 0.031621
0 0.2 0.249012 0.034783 0.023715
0 0.833333 0.126482 0.043478 0.023715
0 0.805797 0.098814 0.04058 0.031621
0 0.743478 0.039526 0.037681 0.023715
0 0.773913 0.067194 0.04058 0.031621
0 0.86087 0.063241 0.04058 0.031621
0 0.892754 0.086957 0.04058 0.031621
0 0.915942 0.059289 0.028986 0.031621
0 0.892754 0.045455 0.034783 0.019763
0 0.64058 0.039526 0.034783 0.031621
0 0.657971 0.057312 0.028986 0.035573
0 0.697101 0.092885 0.031884 0.027668
0 0.689855 0.037549 0.023188 0.027668
