0 0.214236 0.14375 0.01875 0.020833
0 0.220833 0.147222 0.011111 0.019444
0 0.234028 0.147222 0.020833 0.027778
1 0.05 0.674306 0.033333 0.095833
1 0.062153 0.647917 0.028472 0.095833
1 0.089236 0.651389 0.03125 0.1
1 0.051736 0.55625 0.032639 0.090278
1 0.079514 0.545833 0.025694 0.086111
5 0.315625 0.4875 0.067361 0.094444
1 0.310417 0.46875 0.013889 0.043056
1 0.314931 0.457639 0.011806 0.040278
1 0.486458 0.474306 0.015972 0.073611
1 0.414931 0.325 0.011806 0.052778
1 0.482639 0.380556 0.0125 0.061111
1 0.477431 0.314583 0.007639 0.056944
1 0.483681 0.311806 0.00625 0.054167
1 0.490625 0.302083 0.007639 0.054167
1 0.502431 0.304861 0.00625 0.045833
1 0.508681 0.309028 0.007639 0.045833
1 0.509028 0.29375 0.006944 0.048611
1 0.519097 0.296528 0.007639 0.048611
1 0.535069 0.30625 0.009028 0.051389
1 0.548611 0.304167 0.006944 0.047222
1 0.555556 0.304167 0.006944 0.047222
5 0.567361 0.270833 0.034722 0.083333
1 0.568056 0.220833 0.006944 0.016667
1 0.601389 0.323611 0.0125 0.052778
1 0.613889 0.325694 0.011111 0.054167
1 0.715278 0.314583 0.011111 0.045833
1 0.722917 0.314583 0.0125 0.043056
1 0.723264 0.264583 0.011806 0.043056
1 0.813542 0.304167 0.011806 0.047222
1 0.823958 0.299306 0.013194 0.045833
3 0.826389 0.831944 0.347222 0.336111
3 0.768403 0.335417 0.077083 0.059722
3 0.938889 0.310417 0.122222 0.090278
