3 0.283333 0.719444 0.565278 0.561111
3 0.465972 0.255556 0.102778 0.069444
3 0.246528 0.344444 0.183333 0.066667
3 0.181944 0.19375 0.169444 0.043056
3 0.022569 0.3 0.04375 0.038889
1 0.010069 0.259028 0.015972 0.045833
1 0.022569 0.247917 0.013194 0.054167
1 0.182639 0.281944 0.0125 0.041667
1 0.201389 0.296528 0.013889 0.048611
1 0.339583 0.388194 0.018056 0.031944
1 0.319444 0.172917 0.005556 0.040278
1 0.325347 0.173611 0.00625 0.036111
1 0.330903 0.175694 0.00625 0.034722
1 0.337847 0.174306 0.00625 0.0375
1 0.621528 0.349306 0.013889 0.054167
1 0.607639 0.345139 0.009722 0.056944
1 0.606597 0.322222 0.010417 0.055556
0 0.971875 0.064583 0.017361 0.015278
0 0.937847 0.0625 0.020139 0.011111
0 0.910069 0.058333 0.017361 0.013889
0 0.892361 0.059722 0.015278 0.013889
0 0.854861 0.055556 0.020833 0.008333
0 0.821528 0.051389 0.008333 0.008333
0 0.809375 0.052083 0.010417 0.009722
