5 0.057639 0.634722 0.1 0.144444
1 0.051042 0.623611 0.021528 0.05
1 0.053472 0.60625 0.025 0.045833
1 0.185417 0.568056 0.022222 0.058333
1 0.171181 0.389583 0.017361 0.059722
1 0.255903 0.427083 0.017361 0.059722
1 0.245486 0.359722 0.010417 0.061111
1 0.248958 0.352083 0.009028 0.056944
1 0.259375 0.339583 0.010417 0.0625
1 0.271181 0.339583 0.010417 0.056944
1 0.279514 0.341667 0.011806 0.052778
1 0.275694 0.329861 0.008333 0.059722
1 0.288542 0.328472 0.009028 0.054167
1 0.293403 0.320139 0.007639 0.051389
1 0.311111 0.317361 0.0125 0.054167
1 0.320139 0.315972 0.011111 0.048611
1 0.355208 0.309028 0.009028 0.051389
1 0.286806 0.195139 0.011111 0.040278
5 0.338194 0.285417 0.034722 0.093056
1 0.466319 0.272222 0.009028 0.044444
1 0.467708 0.3 0.009028 0.044444
1 0.475347 0.3 0.009028 0.044444
1 0.490625 0.290278 0.009028 0.044444
1 0.563542 0.259722 0.009028 0.041667
1 0.573264 0.254167 0.009028 0.041667
1 0.834028 0.273611 0.006944 0.038889
1 0.828472 0.269444 0.006944 0.038889
1 0.820486 0.268056 0.011806 0.041667
1 0.88125 0.175694 0.006944 0.0375
3 0.530903 0.299306 0.061806 0.056944
3 0.692014 0.246528 0.117361 0.068056
3 0.739236 0.422917 0.161806 0.151389
3 0.75 0.784028 0.5 0.431944
