5 0.027083 0.363889 0.052778 0.069444
1 0.009028 0.31875 0.016667 0.0625
1 0.055208 0.34375 0.009028 0.045833
1 0.067708 0.340972 0.011806 0.054167
1 0.078819 0.34375 0.00625 0.051389
1 0.084375 0.338889 0.00625 0.044444
1 0.089583 0.338889 0.004167 0.030556
1 0.097222 0.336806 0.011111 0.026389
1 0.110417 0.331944 0.013889 0.025
3 0.171528 0.375 0.236111 0.116667
3 0.4125 0.399306 0.205556 0.098611
2 0.383333 0.252083 0.084722 0.193056
2 0.313542 0.213194 0.054861 0.1125
2 0.211111 0.224306 0.129167 0.181944
2 0.083333 0.188194 0.125 0.098611
