1 0.048264 0.426389 0.010417 0.05
1 0.060417 0.428472 0.009722 0.059722
1 0.067361 0.4375 0.009722 0.055556
1 0.071875 0.427778 0.007639 0.052778
1 0.078472 0.43125 0.006944 0.051389
1 0.084375 0.431944 0.007639 0.052778
1 0.090625 0.423611 0.007639 0.044444
1 0.098611 0.425694 0.008333 0.040278
3 0.159375 0.465972 0.199306 0.115278
3 0.404514 0.486806 0.204861 0.101389
2 0.391319 0.363194 0.054861 0.081944
1 0.709722 0.476389 0.0125 0.052778
1 0.736806 0.477778 0.011111 0.05
1 0.780903 0.484028 0.015972 0.065278
