3 0.512153 0.761806 0.565972 0.476388
1 0.089236 0.332639 0.014583 0.068056
1 0.047222 0.341667 0.013889 0.066667
1 0.059375 0.339583 0.014583 0.059722
1 0.234722 0.402778 0.016667 0.069444
1 0.217708 0.3125 0.011806 0.055556
1 0.246181 0.29375 0.011806 0.051389
1 0.263542 0.275 0.009028 0.05
1 0.277431 0.227083 0.007639 0.045833
1 0.346875 0.235417 0.007639 0.043056
1 0.355903 0.227083 0.007639 0.043056
1 0.3375 0.451389 0.020833 0.069444
1 0.369444 0.436111 0.019444 0.066667
1 0.478472 0.384722 0.015278 0.061111
1 0.399653 0.320139 0.011806 0.045833
6 0.48125 0.329861 0.013889 0.029167
2 0.456944 0.275694 0.041667 0.070833
2 0.431597 0.177778 0.09375 0.122222
3 0.314583 0.283333 0.088889 0.047222
3 0.514931 0.354167 0.154861 0.097222
1 0.492014 0.245833 0.010417 0.038889
1 0.511111 0.23125 0.008333 0.040278
1 0.610069 0.21875 0.007639 0.034722
1 0.601042 0.217361 0.009028 0.034722
1 0.596875 0.215278 0.00625 0.033333
1 0.591319 0.215278 0.009028 0.036111
3 0.501736 0.198611 0.035417 0.036111
3 0.764583 0.338194 0.080556 0.076389
3 0.912153 0.476389 0.020139 0.066667
3 0.935069 0.490972 0.024306 0.070833
5 0.074306 0.295833 0.055556 0.108333
