1 0.118056 0.385417 0.019444 0.068056
1 0.105208 0.376389 0.013194 0.066667
1 0.068056 0.311806 0.015278 0.054167
1 0.086458 0.286111 0.013194 0.052778
1 0.089236 0.229167 0.011806 0.047222
1 0.187153 0.226389 0.010417 0.044444
1 0.196875 0.218056 0.009028 0.044444
1 0.221875 0.278472 0.014583 0.056944
1 0.246528 0.300694 0.0125 0.056944
1 0.264583 0.204167 0.008333 0.041667
3 0.148958 0.283333 0.10625 0.075
3 0.376736 0.334722 0.161806 0.088889
6 0.342708 0.30625 0.025694 0.031944
2 0.307986 0.26875 0.059028 0.051389
3 0.34375 0.18125 0.143056 0.051389
1 0.451389 0.177083 0.005556 0.0375
1 0.45625 0.178472 0.004167 0.034722
1 0.461806 0.178472 0.008333 0.034722
1 0.468403 0.179861 0.00625 0.0375
1 0.486806 0.100694 0.006944 0.029167
1 0.497569 0.089583 0.00625 0.029167
3 0.597569 0.276389 0.111806 0.075
1 0.737847 0.388194 0.014583 0.0625
1 0.754861 0.395139 0.018056 0.0625
1 0.839583 0.422222 0.026389 0.058333
3 0.370486 0.73125 0.582639 0.5375
5 0.962153 0.091667 0.038194 0.027778
