3 0.550347 0.74375 0.424306 0.423611
3 0.910764 0.49375 0.178472 0.131944
3 0.508681 0.23125 0.232639 0.109722
3 0.140972 0.411806 0.265278 0.131944
1 0.144097 0.497222 0.024306 0.1
1 0.230556 0.308333 0.018056 0.069444
1 0.251042 0.289583 0.015972 0.068056
1 0.4375 0.739583 0.034722 0.115278
1 0.413889 0.704167 0.036111 0.075
1 0.729514 0.2625 0.014583 0.052778
1 0.756597 0.151389 0.007639 0.044444
1 0.702778 0.275 0.009722 0.058333
1 0.708681 0.260417 0.009028 0.051389
1 0.680208 0.246528 0.011806 0.054167
1 0.69375 0.25625 0.011111 0.056944
1 0.686806 0.25 0.011111 0.058333
