1 0.855178 0.040625 0.033981 0.08125
1 0.80178 0.090625 0.033981 0.08125
1 0.871359 0.11875 0.046926 0.090625
1 0.874595 0.023438 0.033981 0.046875
1 0.902104 0.025 0.024272 0.05
1 0.921521 0.017969 0.033981 0.035937
1 0.955502 0.032813 0.024272 0.05
1 0.960356 0.092187 0.024272 0.05
1 0.951456 0.014844 0.029126 0.029687
1 0.987864 0.067187 0.017799 0.028125
1 0.978155 0.032813 0.024272 0.05
1 0.91343 0.096875 0.024272 0.05
1 0.936084 0.09375 0.024272 0.05
1 0.976537 0.114062 0.024272 0.05
1 0.918285 0.139062 0.024272 0.05
1 0.932039 0.136719 0.029126 0.029687
1 0.952265 0.142188 0.024272 0.05
1 0.93123 0.204688 0.024272 0.05
1 0.90534 0.179688 0.024272 0.05
1 0.894013 0.198438 0.024272 0.05
1 0.932848 0.235938 0.024272 0.05
1 0.915049 0.221875 0.024272 0.05
1 0.885922 0.23125 0.024272 0.05
1 0.868123 0.248437 0.024272 0.05
1 0.855178 0.2625 0.024272 0.05
1 0.822816 0.2625 0.024272 0.05
1 0.808252 0.270312 0.024272 0.05
1 0.789644 0.29375 0.029126 0.05
1 0.653722 0.433594 0.02589 0.064062
1 0.983819 0.696094 0.012945 0.082812
1 0.967638 0.696094 0.035599 0.082812
1 0.943366 0.682812 0.035599 0.090625
1 0.85356 0.602344 0.024272 0.073438
1 0.601133 0.432813 0.037217 0.071875
1 0.538835 0.516406 0.02589 0.057813
1 0.513754 0.522656 0.027508 0.064062
1 0.450647 0.55625 0.040453 0.06875
3 0.455502 0.295312 0.632686 0.578125
3 0.454693 0.742188 0.443366 0.31875
3 0.123786 0.828906 0.218447 0.217188
3 0.786408 0.757812 0.203883 0.20625
1 0.048544 0.828125 0.02589 0.04375
1 0.869741 0.607031 0.024272 0.073438
