5 0.103696 0.269388 0.203285 0.302041
5 0.160164 0.931633 0.316222 0.132653
1 0.048255 0.75 0.039014 0.05102
1 0.021561 0.745918 0.039014 0.05102
4 0.591376 0.232653 0.361396 0.204082
3 0.347023 0.238776 0.172485 0.257143
1 0.337782 0.384694 0.039014 0.05102
1 0.434292 0.409184 0.039014 0.05102
1 0.588296 0.535714 0.039014 0.05102
1 0.610883 0.556122 0.039014 0.05102
1 0.744353 0.537755 0.039014 0.05102
1 0.73614 0.503061 0.039014 0.05102
1 0.862423 0.669388 0.028747 0.032653
1 0.871663 0.64898 0.039014 0.036735
1 0.336756 0.807143 0.045175 0.046939
3 0.669405 0.743878 0.316222 0.304082
3 0.288501 0.630612 0.470226 0.277551
3 0.903491 0.404082 0.193018 0.420408
