5 0.092548 0.416431 0.180288 0.1983
5 0.052885 0.766289 0.052885 0.104816
5 0.022837 0.951841 0.040865 0.090652
5 0.899038 0.790368 0.096154 0.073654
5 0.766827 0.728045 0.120192 0.07932
0 0.763221 0.780453 0.060096 0.048159
0 0.820913 0.803116 0.050481 0.048159
0 0.872596 0.820113 0.057692 0.048159
0 0.911058 0.842776 0.048077 0.042493
0 0.951923 0.779037 0.072115 0.045326
0 0.897837 0.747875 0.084135 0.062323
0 0.075721 0.890935 0.045673 0.070822
5 0.13101 0.038244 0.064904 0.076487
5 0.850962 0.623229 0.211538 0.124646
3 0.415865 0.660057 0.418269 0.407932
3 0.623798 0.345609 0.569712 0.385269
2 0.521635 0.747875 0.115385 0.175637
3 0.192308 0.223796 0.115385 0.243626
0 0.919471 0.01983 0.036058 0.03966
5 0.977163 0.831445 0.045673 0.048159
