3 0.505822 0.51161 0.988355 0.5
1 0.647744 0.96904 0.032023 0.058824
1 0.681951 0.967492 0.03639 0.06192
1 0.668122 0.876935 0.032023 0.051084
1 0.703057 0.873065 0.02329 0.04644
1 0.722707 0.876161 0.027656 0.058824
1 0.753275 0.866873 0.03639 0.043344
1 0.714702 0.917183 0.029112 0.05418
1 0.754731 0.900155 0.027656 0.094427
1 0.810771 0.876935 0.040757 0.066563
1 0.846434 0.866873 0.033479 0.058824
1 0.883552 0.866099 0.040757 0.05418
0 0.894469 0.915635 0.208151 0.140867
0 0.564047 0.883127 0.184862 0.066563
0 0.115721 0.917183 0.22853 0.156347
1 0.901019 0.46904 0.02329 0.049536
1 0.882096 0.472136 0.017467 0.037152
