3 0.534853 0.517906 0.769437 0.958678
1 0.380697 0.331956 0.042895 0.101928
1 0.428954 0.320937 0.042895 0.101928
1 0.576408 0.285124 0.042895 0.101928
1 0.613941 0.249311 0.042895 0.101928
1 0.579088 0.119835 0.042895 0.101928
1 0.552279 0.097796 0.042895 0.101928
1 0.635389 0.128099 0.042895 0.101928
1 0.710456 0.084022 0.042895 0.101928
1 0.798928 0.050964 0.042895 0.101928
1 0.522788 0.125344 0.042895 0.101928
1 0.270777 0.238292 0.042895 0.101928
1 0.310992 0.254821 0.042895 0.101928
1 0.41555 0.188705 0.042895 0.101928
1 0.466488 0.177686 0.042895 0.101928
1 0.356568 0.210744 0.042895 0.101928
1 0.093834 0.752066 0.042895 0.104683
1 0.072386 0.823691 0.042895 0.104683
1 0.022788 0.85124 0.040214 0.104683
1 0.037534 0.757576 0.042895 0.104683
1 0.012064 0.745179 0.018767 0.101928
