5 0.243935 0.144654 0.471698 0.226415
5 0.475741 0.41195 0.126685 0.320755
5 0.354447 0.539308 0.142857 0.242138
5 0.574124 0.779874 0.328841 0.245283
5 0.876011 0.600629 0.118598 0.18239
5 0.734501 0.657233 0.272237 0.207547
0 0.955526 0.581761 0.088948 0.08805
1 0.979784 0.671384 0.02965 0.059748
1 0.692722 0.894654 0.016173 0.053459
1 0.677898 0.896226 0.018868 0.056604
1 0.424528 0.91195 0.02965 0.056604
1 0.326146 0.940252 0.026954 0.056604
1 0.311321 0.968553 0.018868 0.056604
1 0.578167 0.029874 0.03504 0.059748
1 0.429919 0.177673 0.02965 0.078616
1 0.376011 0.190252 0.03504 0.078616
1 0.264151 0.328616 0.026954 0.066038
1 0.246631 0.333333 0.018868 0.050314
5 0.160377 0.311321 0.315364 0.201258
3 0.215633 0.22327 0.425876 0.44654
3 0.308625 0.698113 0.568733 0.459119
3 0.726415 0.322327 0.54717 0.632075
3 0.892183 0.856918 0.215633 0.279874
5 0.606469 0.957547 0.150943 0.078616
