2 0.425 0.385593 0.136957 0.216102
2 0.591304 0.808263 0.234783 0.286017
2 0.893478 0.811441 0.143478 0.372881
2 0.858696 0.486229 0.082609 0.175847
5 0.917391 0.066737 0.165217 0.129237
1 0.742391 0.087924 0.023913 0.061441
1 0.722826 0.123941 0.023913 0.061441
1 0.759783 0.113347 0.023913 0.061441
1 0.781522 0.104873 0.023913 0.061441
1 0.981522 0.456568 0.023913 0.061441
0 0.072826 0.576271 0.141304 0.084746
3 0.345652 0.145127 0.63913 0.290254
3 0.221739 0.422669 0.269565 0.252119
3 0.591304 0.587924 0.46087 0.213983
3 0.68587 0.861229 0.61087 0.273305
3 0.853261 0.240466 0.293478 0.154661
