5 0.198598 0.207014 0.214953 0.414027
1 0.068925 0.197964 0.035047 0.070136
1 0.132009 0.173077 0.035047 0.070136
1 0.139019 0.141403 0.035047 0.070136
1 0.064252 0.136878 0.035047 0.070136
1 0.082944 0.069005 0.035047 0.070136
1 0.043224 0.04638 0.035047 0.070136
1 0.029206 0.062217 0.035047 0.070136
1 0.064252 0.091629 0.035047 0.070136
1 0.022196 0.159502 0.035047 0.070136
1 0.595794 0.667421 0.028037 0.067873
1 0.417056 0.770362 0.035047 0.061086
1 0.517523 0.760181 0.025701 0.067873
1 0.365654 0.786199 0.025701 0.056561
1 0.5 0.868778 0.028037 0.067873
1 0.608645 0.85181 0.035047 0.070136
1 0.573598 0.849548 0.035047 0.070136
3 0.23715 0.828054 0.408879 0.271493
3 0.672897 0.251131 0.654206 0.488688
3 0.17757 0.538462 0.350467 0.235294
3 0.809579 0.748869 0.254673 0.162896
