1 0.321747 0.085066 0.048128 0.090737
1 0.459002 0.21172 0.030303 0.098299
1 0.42246 0.124764 0.042781 0.071834
1 0.491087 0.28828 0.030303 0.05482
1 0.738859 0.350662 0.037433 0.092628
1 0.83779 0.378072 0.035651 0.083176
1 0.869875 0.376181 0.046346 0.086957
1 0.9082 0.381853 0.037433 0.090737
1 0.920677 0.302457 0.062389 0.056711
1 0.59893 0.348771 0.049911 0.073724
3 0.5 0.10775 0.996435 0.2155
3 0.59893 0.424386 0.652406 0.413989
1 0.425134 0.172023 0.030303 0.045369
3 0.431373 0.699433 0.541889 0.143667
