1 0.651515 0.058904 0.030303 0.09589
1 0.677489 0.053425 0.030303 0.09589
1 0.757576 0.215068 0.030303 0.09589
1 0.744589 0.223288 0.030303 0.09589
1 0.733766 0.236986 0.030303 0.09589
1 0.857143 0.261644 0.030303 0.09589
1 0.880952 0.269863 0.030303 0.09589
1 0.902597 0.269863 0.030303 0.09589
1 0.924242 0.373973 0.030303 0.09589
1 0.958874 0.368493 0.030303 0.09589
1 0.950216 0.436986 0.030303 0.09589
3 0.77381 0.616438 0.227273 0.350685
3 0.213203 0.661644 0.422078 0.424658
3 0.585498 0.238356 0.266234 0.257534
