1 0.236337 0.598214 0.023634 0.059524
1 0.12777 0.363095 0.025111 0.0625
1 0.249631 0.372024 0.023634 0.068452
1 0.274742 0.380208 0.020679 0.058036
1 0.386263 0.424107 0.028065 0.059524
1 0.436484 0.368304 0.033973 0.063988
1 0.511817 0.332589 0.022157 0.066964
1 0.809453 0.251488 0.026588 0.047619
1 0.745199 0.493304 0.025111 0.061012
1 0.817578 0.487351 0.025111 0.066964
1 0.954948 0.547619 0.025111 0.0625
1 0.735598 0.540179 0.026588 0.059524
1 0.760709 0.540179 0.023634 0.056548
1 0.781388 0.537946 0.023634 0.063988
0 0.48966 0.065476 0.181684 0.068452
0 0.458641 0.023065 0.199409 0.04613
0 0.937962 0.929315 0.124077 0.034226
0 0.906942 0.956845 0.124077 0.056548
3 0.39808 0.46875 0.66322 0.247024
3 0.245938 0.196429 0.32644 0.214286
3 0.67873 0.918155 0.299852 0.154762
