5 0.198394 0.043839 0.300459 0.087678
5 0.613532 0.116114 0.268349 0.175355
0 0.811927 0.126777 0.133028 0.087678
0 0.832569 0.183649 0.133028 0.087678
0 0.834862 0.239336 0.105505 0.07109
0 0.700688 0.235782 0.162844 0.078199
0 0.674312 0.188389 0.12844 0.092417
0 0.568807 0.292654 0.12844 0.092417
0 0.669725 0.325829 0.12844 0.092417
0 0.713303 0.387441 0.12844 0.092417
0 0.669725 0.452607 0.137615 0.099526
0 0.931193 0.42654 0.137614 0.099526
5 0.807339 0.64455 0.385321 0.156398
5 0.639908 0.902844 0.229358 0.189573
5 0.852064 0.862559 0.28211 0.270142
0 0.699541 0.785545 0.146789 0.092417
1 0.316514 0.184834 0.022936 0.07109
1 0.266055 0.2109 0.022936 0.056872
1 0.237385 0.17891 0.029817 0.049763
1 0.216743 0.219194 0.025229 0.059242
1 0.22133 0.277251 0.029817 0.056872
1 0.470183 0.559242 0.022936 0.056872
1 0.447248 0.556872 0.022936 0.056872
2 0.09633 0.767773 0.133028 0.327014
3 0.431193 0.741706 0.541284 0.227488
3 0.174312 0.413507 0.298165 0.21564
3 0.100917 0.175355 0.183486 0.279621
3 0.43922 0.095972 0.204128 0.191943
0 0.915138 0.343602 0.073394 0.066351
1 0.582569 0.477488 0.022936 0.059242
