3 0.496063 0.303896 0.986877 0.607792
1 0.648294 0.45974 0.031496 0.093506
1 0.761155 0.41039 0.036745 0.103896
1 0.713911 0.32987 0.036745 0.103896
1 0.687664 0.316883 0.036745 0.103896
1 0.650919 0.301299 0.036745 0.103896
1 0.606299 0.283117 0.036745 0.103896
1 0.580052 0.267532 0.036745 0.103896
1 0.540682 0.277922 0.036745 0.103896
1 0.496063 0.277922 0.036745 0.103896
1 0.160105 0.438961 0.031496 0.088312
1 0.343832 0.581818 0.026247 0.077922
1 0.368766 0.568831 0.028871 0.067532
1 0.543307 0.472727 0.036745 0.083117
