3 0.60541 0.366913 0.751866 0.382625
1 0.04944 0.143253 0.024254 0.057301
1 0.06903 0.14695 0.022388 0.049908
1 0.079291 0.155268 0.020522 0.044362
1 0.011194 0.162662 0.018657 0.062847
1 0.017724 0.189464 0.024254 0.049908
1 0.018657 0.232902 0.022388 0.055453
1 0.039179 0.200555 0.018657 0.064695
1 0.051306 0.230129 0.016791 0.060998
1 0.070896 0.238447 0.014925 0.055453
1 0.092351 0.243993 0.016791 0.05915
1 0.143657 0.212569 0.026119 0.055453
1 0.117537 0.246765 0.022388 0.068392
1 0.140858 0.249538 0.024254 0.051756
1 0.058769 0.409427 0.024254 0.038817
1 0.095149 0.419593 0.018657 0.040665
1 0.068097 0.439926 0.016791 0.040665
1 0.083955 0.44085 0.018657 0.042514
1 0.155784 0.469501 0.024254 0.048059
3 0.532649 0.662662 0.29291 0.205176
1 0.73694 0.57671 0.014925 0.033272
