5 0.302521 0.69146 0.197479 0.126722
1 0.329832 0.77686 0.021008 0.060606
1 0.306723 0.769972 0.021008 0.046832
1 0.191176 0.735537 0.021008 0.049587
1 0.203782 0.727273 0.016807 0.049587
1 0.069328 0.183196 0.016807 0.052342
1 0.040966 0.136364 0.018908 0.057851
1 0.106092 0.190083 0.014706 0.066116
1 0.116597 0.190083 0.014706 0.066116
1 0.080882 0.137741 0.010504 0.044077
0 0.402311 0.805785 0.128151 0.107438
0 0.701681 0.85124 0.071429 0.060606
0 0.858193 0.063361 0.161765 0.099174
3 0.355042 0.904959 0.336134 0.184573
2 0.452731 0.679063 0.086134 0.107438
3 0.071429 0.486226 0.138655 0.438017
3 0.203782 0.378788 0.12605 0.460055
3 0.317227 0.236915 0.10084 0.473829
3 0.215336 0.073003 0.102941 0.146006
3 0.432773 0.18595 0.130252 0.3719
3 0.57563 0.137741 0.155462 0.275482
3 0.826681 0.093664 0.346638 0.187328
3 0.934874 0.37741 0.130252 0.380165
3 0.809874 0.498623 0.128151 0.363636
3 0.683824 0.557851 0.119748 0.355372
3 0.559874 0.612948 0.128151 0.355372
3 0.456933 0.646006 0.077731 0.245179
3 0.356092 0.651515 0.128151 0.129477
