3 0.43517 0.472875 0.338736 0.504521
0 0.170178 0.340868 0.142626 0.157324
0 0.081037 0.44123 0.116694 0.115732
0 0.027553 0.541591 0.051864 0.117541
0 0.905997 0.309222 0.188006 0.122966
5 0.931929 0.225136 0.136142 0.135624
5 0.923015 0.090416 0.15397 0.166365
1 0.863047 0.098553 0.037277 0.095841
1 0.885737 0.122061 0.037277 0.095841
1 0.790113 0.132911 0.037277 0.095841
1 0.725284 0.141953 0.037277 0.095841
1 0.713938 0.178119 0.037277 0.095841
1 0.665316 0.208861 0.037277 0.095841
1 0.699352 0.243219 0.037277 0.095841
1 0.665316 0.138336 0.037277 0.095841
1 0.647488 0.167269 0.037277 0.095841
1 0.655592 0.08047 0.037277 0.095841
1 0.699352 0.096745 0.037277 0.095841
1 0.594003 0.038879 0.040519 0.077758
1 0.537277 0.038879 0.040519 0.077758
1 0.504862 0.038879 0.040519 0.077758
1 0.540519 0.089512 0.040519 0.077758
1 0.556726 0.138336 0.040519 0.077758
1 0.519449 0.150995 0.040519 0.077758
1 0.501621 0.143761 0.040519 0.077758
1 0.480551 0.127486 0.040519 0.077758
1 0.457861 0.147378 0.040519 0.077758
1 0.430308 0.152803 0.040519 0.077758
1 0.39141 0.132911 0.040519 0.077758
1 0.376823 0.071429 0.040519 0.077758
1 0.30389 0.051537 0.040519 0.077758
1 0.26175 0.038879 0.040519 0.077758
1 0.357374 0.118445 0.040519 0.077758
1 0.316856 0.125678 0.040519 0.077758
1 0.28282 0.131103 0.040519 0.077758
1 0.255267 0.14557 0.040519 0.077758
1 0.224473 0.048825 0.040519 0.097649
1 0.188817 0.052441 0.040519 0.097649
1 0.15154 0.048825 0.040519 0.097649
1 0.120746 0.061483 0.040519 0.097649
1 0.167747 0.090416 0.040519 0.097649
1 0.177472 0.148282 0.040519 0.097649
1 0.156402 0.184448 0.040519 0.097649
1 0.054295 0.075949 0.040519 0.097649
1 0.02107 0.048825 0.038898 0.097649
1 0.02107 0.229656 0.038898 0.097649
1 0.989465 0.423146 0.02107 0.072333
1 0.976499 0.437613 0.02107 0.072333
1 0.961912 0.446655 0.02107 0.072333
1 0.945705 0.44123 0.02107 0.072333
1 0.929498 0.455696 0.02107 0.072333
1 0.910049 0.462929 0.02107 0.072333
1 0.89222 0.475588 0.02107 0.072333
