0 0.919062 0.610155 0.062027 0.036145
5 0.043873 0.79432 0.057489 0.108434
5 0.048411 0.888985 0.045386 0.094664
5 0.072617 0.946644 0.039334 0.072289
5 0.057489 0.973322 0.045386 0.049914
0 0.108926 0.886403 0.033283 0.072289
0 0.111195 0.977625 0.022693 0.041308
0 0.570348 0.986231 0.045386 0.024096
0 0.642965 0.981067 0.045386 0.030981
3 0.369894 0.198795 0.685325 0.363167
3 0.472012 0.577453 0.396369 0.569707
3 0.087746 0.475043 0.130106 0.492255
2 0.585477 0.73494 0.142209 0.237522
3 0.926626 0.196213 0.146747 0.347676
5 0.636157 0.939759 0.034796 0.04475
