5 0.180031 0.142974 0.356918 0.285948
1 0.302673 0.215686 0.029874 0.075163
1 0.243711 0.212418 0.034591 0.075163
1 0.52044 0.068627 0.034591 0.078431
1 0.358491 0.601307 0.028302 0.075163
1 0.071541 0.582516 0.02673 0.070261
1 0.472484 0.678922 0.023585 0.044118
1 0.514937 0.659314 0.02673 0.05719
1 0.57783 0.65768 0.02673 0.05719
1 0.810535 0.580882 0.02673 0.05719
1 0.841981 0.580882 0.02673 0.05719
3 0.257862 0.640523 0.474843 0.111111
3 0.123428 0.34232 0.218553 0.28268
3 0.602201 0.517974 0.298742 0.20915
3 0.137579 0.792484 0.146226 0.196078
3 0.744497 0.757353 0.278302 0.23366
