5 0.138833 0.147268 0.273642 0.294536
5 0.157948 0.928741 0.311871 0.137767
1 0.033199 0.7019 0.038229 0.049881
1 0.020121 0.7019 0.036217 0.049881
1 0.433602 0.308789 0.042254 0.057007
1 0.580483 0.467933 0.042254 0.057007
1 0.600604 0.486936 0.042254 0.057007
1 0.847082 0.61639 0.040241 0.04038
1 0.84507 0.637767 0.040241 0.04038
1 0.729376 0.467933 0.042254 0.042755
1 0.886318 0.190024 0.042254 0.042755
1 0.880282 0.261283 0.042254 0.042755
4 0.598592 0.13658 0.315895 0.230404
3 0.544266 0.694774 0.38833 0.296912
3 0.352113 0.325416 0.257545 0.313539
3 0.831992 0.402613 0.263581 0.287411
