6 0.326761 0.435211 0.371831 0.126761
6 0.7 0.460563 0.183099 0.149296
2 0.504225 0.732394 0.991549 0.529577
5 0.033803 0.150704 0.061972 0.076056
5 0.13662 0.039437 0.138028 0.078873
5 0.149296 0.085915 0.078873 0.059155
5 0.040845 0.219718 0.076056 0.061972
1 0.805634 0.114085 0.022535 0.047887
1 0.825352 0.114085 0.022535 0.047887
1 0.83662 0.209859 0.022535 0.047887
1 0.88169 0.170423 0.022535 0.047887
1 0.909859 0.142254 0.022535 0.047887
1 0.901408 0.094366 0.022535 0.047887
1 0.915493 0.097183 0.022535 0.047887
1 0.933803 0.111268 0.019718 0.053521
