6 0.064951 0.063113 0.061275 0.056781
6 0.164369 0.094567 0.043811 0.058415
6 0.282169 0.118056 0.025123 0.035131
6 0.618566 0.206904 0.033088 0.043709
6 0.694087 0.225899 0.021752 0.031863
6 0.828125 0.269608 0.018382 0.020425
6 0.988205 0.31781 0.02359 0.049837
6 0.87163 0.579044 0.25674 0.064134
6 0.287071 0.404003 0.045956 0.055556
6 0.591299 0.491013 0.536152 0.170752
6 0.414982 0.561479 0.315257 0.087827
6 0.136029 0.442606 0.271446 0.234886
2 0.534161 0.748366 0.931679 0.502451
2 0.920037 0.411969 0.0625 0.106618
2 0.15625 0.25 0.143382 0.241013
