0 0.079422 0.016779 0.050542 0.033557
0 0.068592 0.042506 0.054152 0.03132
0 0.064982 0.05481 0.046931 0.024609
0 0.139892 0.03915 0.048736 0.029083
0 0.128159 0.065996 0.046931 0.029083
0 0.23917 0.057047 0.041516 0.038031
0 0.221119 0.088367 0.041516 0.038031
0 0.67509 0.071588 0.039711 0.026846
0 0.600181 0.138702 0.034296 0.03132
0 0.777978 0.06264 0.025271 0.040268
0 0.822202 0.02349 0.027076 0.033557
5 0.774368 0.352349 0.039711 0.042506
0 0.698556 0.37472 0.028881 0.024609
0 0.976534 0.32774 0.025271 0.033557
2 0.759928 0.517897 0.223827 0.230425
2 0.3213 0.681208 0.638989 0.355705
0 0.632671 0.674497 0.016245 0.01566
0 0.648917 0.668904 0.016245 0.013423
0 0.673285 0.666667 0.018051 0.008949
0 0.694043 0.661074 0.019856 0.011186
0 0.738267 0.651007 0.018051 0.013423
0 0.759928 0.646532 0.018051 0.013423
0 0.790614 0.637584 0.028881 0.013423
0 0.836643 0.630872 0.019856 0.017897
0 0.876354 0.620805 0.016245 0.011186
0 0.858303 0.62528 0.023466 0.01566
2 0.073105 0.928412 0.142599 0.138702
