4 0.496622 0.43328 0.987838 0.538585
0 0.821622 0.702572 0.021622 0.03537
0 0.848649 0.737138 0.032432 0.027331
0 0.890541 0.716238 0.032432 0.027331
0 0.878378 0.721061 0.032432 0.027331
0 0.385135 0.905949 0.02973 0.0209
0 0.395946 0.936495 0.02973 0.0209
0 0.408108 0.949357 0.02973 0.0209
0 0.408108 0.965434 0.02973 0.0209
0 0.200676 0.92283 0.025676 0.016077
0 0.223649 0.930868 0.025676 0.016077
0 0.235811 0.934084 0.025676 0.016077
0 0.170946 0.932476 0.025676 0.016077
0 0.152027 0.926045 0.025676 0.016077
