4 0.653623 0.328063 0.692754 0.656126
0 0.473913 0.731225 0.037681 0.039526
0 0.205797 0.731225 0.034783 0.031621
0 0.2 0.750988 0.034783 0.023715
0 0.833333 0.873518 0.043478 0.023715
0 0.805797 0.901186 0.04058 0.031621
0 0.743478 0.960474 0.037681 0.023715
0 0.773913 0.932806 0.04058 0.031621
0 0.86087 0.936759 0.04058 0.031621
0 0.892754 0.913043 0.04058 0.031621
0 0.915942 0.940711 0.028986 0.031621
0 0.892754 0.954545 0.034783 0.019763
0 0.64058 0.960474 0.034783 0.031621
0 0.657971 0.942688 0.028986 0.035573
0 0.697101 0.907115 0.031884 0.027668
0 0.689855 0.962451 0.023188 0.027668
