0 0.387109 0.335417 0.016406 0.040278
0 0.369141 0.25625 0.016406 0.040278
0 0.351172 0.109028 0.016406 0.040278
0 0.298047 0.018056 0.016406 0.036111
0 0.377734 0.45625 0.008594 0.026389
0 0.379297 0.554861 0.010156 0.023611
0 0.380859 0.585417 0.010156 0.023611
0 0.394922 0.525694 0.010156 0.023611
0 0.366797 0.434028 0.008594 0.026389
0 0.401172 0.645833 0.008594 0.019444
0 0.386719 0.627083 0.007812 0.018056
4 0.1375 0.361111 0.273438 0.722222
4 0.591797 0.179861 0.305469 0.356944
4 0.871484 0.420139 0.257031 0.326389
4 0.879687 0.714583 0.240625 0.173611
4 0.3125 0.381944 0.073438 0.205556
4 0.325 0.563194 0.092188 0.151389
4 0.364063 0.729167 0.054688 0.163889
4 0.691406 0.618056 0.110937 0.266667
4 0.494531 0.430556 0.173437 0.152778
4 0.534375 0.649306 0.203125 0.084722
4 0.424219 0.645833 0.026562 0.277778
