1 0.150173 0.063492 0.040276 0.061224
1 0.198504 0.092971 0.040276 0.061224
1 0.244534 0.054422 0.040276 0.061224
1 0.234753 0.021542 0.036824 0.043084
1 0.060414 0.148526 0.040276 0.061224
1 0.153625 0.168934 0.040276 0.061224
1 0.24626 0.229025 0.025316 0.058957
1 0.238205 0.23356 0.025316 0.058957
1 0.110472 0.201814 0.025316 0.058957
1 0.098964 0.214286 0.025316 0.058957
1 0.021864 0.232426 0.025316 0.058957
1 0.050633 0.319728 0.025316 0.058957
1 0.201381 0.413832 0.018412 0.049887
1 0.20023 0.297052 0.025316 0.058957
0 0.89931 0.4161 0.093211 0.056689
1 0.10702 0.369615 0.018412 0.049887
1 0.120829 0.368481 0.018412 0.049887
1 0.111623 0.384354 0.018412 0.049887
1 0.072497 0.380952 0.018412 0.049887
1 0.087457 0.395692 0.018412 0.049887
1 0.09206 0.461451 0.018412 0.049887
0 0.141542 0.690476 0.085155 0.031746
0 0.163406 0.6678 0.085155 0.031746
0 0.303797 0.731859 0.032221 0.030612
0 0.35328 0.858844 0.043728 0.028345
0 0.41542 0.862245 0.036824 0.026077
0 0.791715 0.790249 0.032221 0.024943
0 0.79229 0.821995 0.033372 0.027211
0 0.930955 0.814626 0.036824 0.02381
0 0.953395 0.908163 0.035673 0.020408
4 0.570196 0.50737 0.859608 0.363946
