1 0.049306 0.573611 0.009722 0.047222
1 0.062153 0.570139 0.009028 0.056944
1 0.067361 0.563194 0.011111 0.048611
1 0.078819 0.570139 0.007639 0.051389
1 0.086111 0.570139 0.004167 0.054167
1 0.090278 0.575694 0.005556 0.048611
1 0.096181 0.577083 0.00625 0.043056
1 0.101736 0.577083 0.00625 0.0375
3 0.168056 0.543056 0.219444 0.088889
3 0.399653 0.515972 0.170139 0.093056
2 0.454167 0.588194 0.018056 0.059722
2 0.397569 0.680556 0.085417 0.158333
1 0.756597 0.511806 0.007639 0.034722
1 0.778819 0.513889 0.007639 0.041667
1 0.787153 0.511806 0.007639 0.034722
