3 0.902431 0.354167 0.195138 0.275
3 0.484375 0.244444 0.328472 0.308333
1 0.400347 0.231944 0.032639 0.086111
1 0.375347 0.259028 0.024306 0.0625
1 0.136111 0.38125 0.033333 0.090278
1 0.156944 0.425 0.025 0.077778
1 0.015625 0.461806 0.029861 0.065278
1 0.132292 0.581944 0.020139 0.066667
1 0.239583 0.575 0.015278 0.061111
1 0.255903 0.5875 0.013194 0.063889
1 0.535417 0.590278 0.009722 0.058333
1 0.640278 0.628472 0.011111 0.056944
3 0.139236 0.480556 0.213194 0.133333
3 0.488194 0.647917 0.240278 0.0625
1 0.647917 0.627083 0.008333 0.056944
1 0.654861 0.624306 0.011111 0.056944
1 0.666667 0.622222 0.008333 0.055556
1 0.678125 0.667361 0.009028 0.054167
1 0.69375 0.636111 0.008333 0.05
