3 0.296528 0.279861 0.591667 0.559722
3 0.046875 0.676389 0.092361 0.077778
3 0.224306 0.804167 0.169444 0.047222
3 0.490972 0.736111 0.122222 0.072222
3 0.282639 0.6375 0.175 0.086111
1 0.061806 0.736806 0.015278 0.043056
1 0.073611 0.746528 0.013889 0.048611
1 0.218056 0.713194 0.016667 0.043056
1 0.246875 0.677778 0.013194 0.038889
1 0.355556 0.819444 0.006944 0.038889
1 0.361458 0.815278 0.004861 0.036111
1 0.365625 0.815972 0.00625 0.0375
1 0.374653 0.815972 0.00625 0.040278
1 0.377083 0.601389 0.0125 0.041667
1 0.642708 0.654861 0.007639 0.054167
1 0.643056 0.63125 0.009722 0.056944
1 0.656944 0.626389 0.015278 0.058333
0 0.965625 0.928472 0.020139 0.015278
0 0.945833 0.927778 0.016667 0.011111
0 0.905556 0.931944 0.018056 0.008333
0 0.86875 0.936111 0.011111 0.011111
0 0.856944 0.935417 0.011111 0.0125
