1 0.210764 0.625694 0.013194 0.054167
1 0.292708 0.590972 0.017361 0.0625
1 0.280903 0.65625 0.009028 0.0625
1 0.284722 0.659722 0.008333 0.058333
1 0.294444 0.674306 0.011111 0.056944
1 0.305556 0.672917 0.008333 0.056944
1 0.314236 0.670139 0.009028 0.048611
1 0.311458 0.681944 0.009028 0.061111
1 0.323958 0.684722 0.007639 0.047222
1 0.328819 0.689583 0.00625 0.051389
1 0.34375 0.691667 0.008333 0.052778
1 0.351389 0.692361 0.008333 0.045833
1 0.386111 0.700694 0.008333 0.045833
1 0.317708 0.810417 0.011806 0.0375
1 0.223611 0.461111 0.020833 0.055556
1 0.102431 0.413889 0.024306 0.047222
1 0.103819 0.429167 0.024306 0.047222
5 0.106597 0.398611 0.089583 0.133333
5 0.369444 0.725 0.033333 0.086111
1 0.457986 0.686806 0.011806 0.054167
1 0.492014 0.734722 0.009028 0.05
1 0.503125 0.706944 0.009028 0.047222
1 0.517361 0.715972 0.009722 0.045833
1 0.588889 0.747222 0.006944 0.038889
1 0.596875 0.750694 0.010417 0.040278
3 0.559028 0.709722 0.075 0.066667
3 0.721181 0.763194 0.164583 0.0875
1 0.848611 0.736111 0.008333 0.038889
1 0.854167 0.734028 0.008333 0.040278
1 0.861111 0.73125 0.009722 0.043056
1 0.894097 0.821528 0.007639 0.034722
3 0.765278 0.215972 0.469444 0.431944
3 0.780903 0.58125 0.190972 0.165278
