1 0.118056 0.614583 0.019444 0.068056
1 0.105208 0.623611 0.013194 0.066667
1 0.068056 0.688194 0.015278 0.054167
1 0.086458 0.713889 0.013194 0.052778
1 0.089236 0.770833 0.011806 0.047222
1 0.187153 0.773611 0.010417 0.044444
1 0.196875 0.781944 0.009028 0.044444
1 0.221875 0.721528 0.014583 0.056944
1 0.246528 0.699306 0.0125 0.056944
1 0.264583 0.795833 0.008333 0.041667
3 0.148958 0.716667 0.10625 0.075
3 0.376736 0.665278 0.161806 0.088889
6 0.342708 0.69375 0.025694 0.031944
2 0.307986 0.73125 0.059028 0.051389
3 0.34375 0.81875 0.143056 0.051389
1 0.451389 0.822917 0.005556 0.0375
1 0.45625 0.821528 0.004167 0.034722
1 0.461806 0.821528 0.008333 0.034722
1 0.468403 0.820139 0.00625 0.0375
1 0.486806 0.899306 0.006944 0.029167
1 0.497569 0.910417 0.00625 0.029167
3 0.597569 0.723611 0.111806 0.075
1 0.737847 0.611806 0.014583 0.0625
1 0.754861 0.604861 0.018056 0.0625
1 0.839583 0.577778 0.026389 0.058333
3 0.370486 0.26875 0.582639 0.5375
5 0.962153 0.908333 0.038194 0.027778
