1 0.098611 0.368056 0.026389 0.061111
1 0.081597 0.563194 0.020139 0.0625
1 0.180208 0.53125 0.021528 0.065278
1 0.165278 0.604167 0.013889 0.063889
1 0.169792 0.611111 0.011806 0.061111
1 0.180903 0.629167 0.013194 0.066667
1 0.193403 0.626389 0.013194 0.061111
1 0.203819 0.626389 0.013194 0.061111
1 0.197569 0.638889 0.013194 0.061111
1 0.212847 0.639583 0.011806 0.065278
1 0.217708 0.648611 0.011806 0.055556
1 0.237153 0.655556 0.011806 0.055556
1 0.246528 0.656944 0.0125 0.052778
1 0.282292 0.668056 0.010417 0.055556
5 0.263542 0.69375 0.040972 0.095833
1 0.207639 0.785417 0.011111 0.043056
1 0.399306 0.718056 0.009722 0.047222
1 0.403472 0.688194 0.009722 0.048611
1 0.409028 0.688889 0.009722 0.052778
1 0.426389 0.698611 0.009722 0.047222
1 0.498611 0.735417 0.008333 0.040278
1 0.506944 0.741667 0.008333 0.041667
1 0.745833 0.747917 0.006944 0.0375
1 0.751736 0.745139 0.004861 0.040278
1 0.756944 0.740972 0.009722 0.043056
1 0.782292 0.830556 0.004861 0.036111
1 0.795833 0.834722 0.005556 0.036111
1 0.920833 0.520833 0.011111 0.05
1 0.935764 0.510417 0.01875 0.054167
3 0.725694 0.208333 0.548611 0.416667
3 0.462153 0.688889 0.060417 0.058333
3 0.675347 0.583333 0.163194 0.138889
3 0.624653 0.761111 0.136806 0.075
3 0.921528 0.593056 0.156944 0.111111
