1 0.005208 0.636806 0.009028 0.051389
1 0.052778 0.627778 0.008333 0.047222
1 0.060069 0.626389 0.010417 0.055556
1 0.069444 0.630556 0.006944 0.044444
1 0.077083 0.631944 0.008333 0.055556
1 0.082292 0.63125 0.004861 0.054167
1 0.0875 0.629861 0.005556 0.045833
1 0.096181 0.6375 0.010417 0.033333
3 0.161111 0.595139 0.220833 0.120833
3 0.407639 0.574306 0.209722 0.098611
2 0.419792 0.654167 0.04375 0.061111
2 0.370486 0.690278 0.06875 0.113889
2 0.258333 0.772917 0.148611 0.170833
2 0.103472 0.779167 0.165278 0.169444
1 0.826042 0.606944 0.046528 0.238889
1 0.887847 0.586111 0.042361 0.205556
