5 0.020833 0.309722 0.040278 0.247222
1 0.059028 0.329861 0.031944 0.104167
1 0.077431 0.35625 0.027083 0.104167
1 0.115972 0.334028 0.030556 0.098611
1 0.086806 0.432639 0.019444 0.084722
1 0.111111 0.434722 0.023611 0.072222
5 0.339931 0.504167 0.06875 0.097222
1 0.336806 0.51875 0.016667 0.043056
1 0.340278 0.532639 0.015278 0.040278
1 0.435069 0.521528 0.017361 0.054167
1 0.435764 0.667361 0.010417 0.054167
1 0.498611 0.615278 0.0125 0.061111
0 0.227778 0.852778 0.019444 0.022222
0 0.236111 0.852083 0.0125 0.023611
0 0.247917 0.851389 0.020833 0.027778
1 0.496181 0.677083 0.009028 0.054167
1 0.502431 0.677778 0.00625 0.05
1 0.509722 0.691667 0.006944 0.058333
1 0.519792 0.6875 0.007639 0.05
1 0.527083 0.683333 0.008333 0.047222
1 0.525 0.695833 0.008333 0.055556
1 0.537153 0.694444 0.007639 0.055556
1 0.552778 0.685417 0.008333 0.051389
1 0.566667 0.696528 0.008333 0.048611
1 0.544792 0.817361 0.010417 0.040278
1 0.630903 0.668056 0.010417 0.055556
1 0.638194 0.666667 0.008333 0.055556
5 0.585764 0.724306 0.038194 0.0875
1 0.732986 0.681944 0.013194 0.05
1 0.741319 0.679861 0.015972 0.048611
1 0.748264 0.731944 0.014583 0.041667
1 0.833333 0.693056 0.0125 0.047222
1 0.845486 0.696528 0.015972 0.048611
3 0.85 0.175694 0.3 0.351388
3 0.791667 0.654861 0.079167 0.065278
3 0.932639 0.700694 0.075 0.051389
