1 0.006597 0.635417 0.011806 0.051389
1 0.053125 0.627083 0.013194 0.051389
1 0.061458 0.63125 0.010417 0.054167
1 0.077431 0.632639 0.009028 0.0625
1 0.086458 0.634722 0.007639 0.047222
1 0.096181 0.6375 0.009028 0.033333
3 0.172569 0.593056 0.240972 0.105556
3 0.400347 0.574306 0.190972 0.095833
2 0.403125 0.710417 0.04375 0.154167
2 0.321528 0.797222 0.101389 0.202778
2 0.220833 0.763194 0.098611 0.2125
2 0.086458 0.778472 0.171528 0.170833
1 0.836458 0.58125 0.024306 0.126389
1 0.901042 0.575 0.03125 0.169444
