3 0.643056 0.085417 0.138889 0.170833
3 0.480208 0.565972 0.18125 0.120833
3 0.210069 0.295833 0.215972 0.216667
3 0.079167 0.269444 0.034722 0.105556
3 0.044792 0.272222 0.034028 0.097222
3 0.014583 0.56875 0.022222 0.076389
1 0.733681 0.432639 0.017361 0.084722
3 0.105903 0.648611 0.204861 0.061111
1 0.243403 0.680556 0.007639 0.052778
1 0.251389 0.679167 0.006944 0.047222
1 0.257292 0.678472 0.00625 0.045833
1 0.285069 0.704861 0.013194 0.0375
1 0.269097 0.68125 0.009028 0.048611
1 0.272917 0.689583 0.008333 0.045833
1 0.753819 0.426389 0.01875 0.083333
1 0.986806 0.740972 0.022222 0.076389
1 0.519444 0.396528 0.030556 0.0875
