3 0.415278 0.146528 0.829167 0.293056
3 0.434375 0.505556 0.215972 0.130556
3 0.707292 0.579861 0.090972 0.093056
3 0.141319 0.579167 0.161806 0.086111
3 0.360417 0.695833 0.133333 0.052778
1 0.038542 0.547222 0.015972 0.075
1 0.046528 0.565972 0.019444 0.054167
1 0.102083 0.6375 0.011111 0.058333
1 0.194444 0.559722 0.0125 0.069444
1 0.202778 0.639583 0.0125 0.048611
1 0.214583 0.647222 0.009722 0.052778
1 0.267708 0.540972 0.015972 0.073611
1 0.346875 0.643056 0.010417 0.05
1 0.449306 0.665278 0.006944 0.044444
1 0.477083 0.656944 0.006944 0.047222
1 0.519792 0.685417 0.007639 0.040278
1 0.511458 0.684722 0.00625 0.038889
1 0.50625 0.686111 0.006944 0.038889
1 0.500347 0.688194 0.00625 0.043056
1 0.372917 0.502778 0.011111 0.066667
1 0.397917 0.48125 0.0125 0.056944
1 0.857639 0.555556 0.011111 0.055556
1 0.913194 0.430556 0.018056 0.080556
1 0.931597 0.420139 0.022917 0.081944
1 0.686806 0.490278 0.030556 0.061111
