3 0.044097 0.695833 0.086806 0.072222
1 0.062847 0.751389 0.013194 0.044444
1 0.074653 0.759028 0.011806 0.048611
1 0.188542 0.722917 0.013194 0.051389
1 0.221528 0.722222 0.011111 0.041667
1 0.397569 0.6375 0.014583 0.061111
1 0.346181 0.827083 0.00625 0.034722
1 0.352431 0.824306 0.00625 0.034722
1 0.357639 0.822917 0.008333 0.031944
1 0.364583 0.823611 0.006944 0.036111
3 0.229861 0.807639 0.155556 0.056944
3 0.283333 0.668056 0.169444 0.075
3 0.476736 0.745139 0.128472 0.0625
1 0.623958 0.661111 0.007639 0.058333
1 0.639236 0.660417 0.009028 0.056944
1 0.623611 0.692361 0.008333 0.034722
0 0.961111 0.920833 0.022222 0.013889
0 0.932986 0.926389 0.01875 0.013889
0 0.913542 0.924306 0.017361 0.0125
0 0.877083 0.927778 0.020833 0.011111
0 0.841667 0.934028 0.0125 0.0125
0 0.830208 0.932639 0.009028 0.009722
3 0.315625 0.286111 0.492361 0.572222
