3 0.503819 0.256944 0.59375 0.513888
3 0.319097 0.744444 0.097917 0.058333
3 0.486458 0.822917 0.135417 0.054167
3 0.734028 0.703472 0.148611 0.106944
1 0.009722 0.669444 0.018056 0.066667
1 0.038889 0.64375 0.025 0.065278
1 0.054167 0.68125 0.013889 0.059722
1 0.064236 0.682639 0.014583 0.054167
1 0.09375 0.690278 0.018056 0.061111
5 0.076736 0.729167 0.054861 0.105556
1 0.275 0.601389 0.0125 0.069444
1 0.267014 0.607639 0.010417 0.068056
1 0.249306 0.748611 0.009722 0.047222
1 0.265972 0.750694 0.008333 0.048611
1 0.277431 0.798611 0.007639 0.047222
1 0.348264 0.794444 0.007639 0.038889
1 0.357292 0.800694 0.007639 0.048611
1 0.4 0.704861 0.008333 0.040278
1 0.481944 0.699306 0.020833 0.031944
2 0.443403 0.7625 0.05625 0.094444
2 0.390625 0.756944 0.053472 0.088889
2 0.264931 0.795833 0.113194 0.136111
3 0.514583 0.672917 0.151389 0.098611
1 0.604167 0.620833 0.013889 0.069444
1 0.613542 0.815972 0.007639 0.0375
1 0.59375 0.81875 0.009722 0.040278
1 0.597917 0.815278 0.006944 0.036111
1 0.603125 0.814583 0.009028 0.0375
1 0.909722 0.554167 0.022222 0.069444
1 0.935069 0.540972 0.022917 0.068056
