1 0.007292 0.499306 0.013194 0.048611
1 0.057986 0.522917 0.010417 0.056944
1 0.069444 0.525 0.009722 0.052778
1 0.075347 0.508333 0.011806 0.055556
1 0.084375 0.522917 0.007639 0.045833
1 0.09375 0.523611 0.009722 0.05
1 0.102778 0.521528 0.006944 0.048611
1 0.107639 0.527083 0.005556 0.043056
1 0.115972 0.520139 0.006944 0.0375
1 0.125694 0.518056 0.009722 0.044444
1 0.165972 0.515278 0.009722 0.041667
5 0.147569 0.526389 0.03125 0.066667
1 0.267014 0.514583 0.00625 0.043056
1 0.273611 0.504861 0.006944 0.040278
1 0.292014 0.504167 0.009028 0.038889
1 0.355903 0.507639 0.004861 0.031944
1 0.363194 0.507639 0.005556 0.031944
1 0.550694 0.488889 0.004167 0.030556
1 0.553819 0.486111 0.004861 0.027778
1 0.557986 0.486806 0.004861 0.029167
1 0.436806 0.573611 0.044444 0.133333
1 0.702431 0.476389 0.009028 0.036111
1 0.75625 0.456944 0.009722 0.05
1 0.780556 0.455556 0.011111 0.058333
3 0.193403 0.373611 0.215972 0.158333
3 0.400694 0.354861 0.156944 0.143056
3 0.355903 0.452083 0.045139 0.051389
3 0.628472 0.432639 0.052778 0.048611
