1 0.048264 0.573611 0.010417 0.05
1 0.060417 0.571528 0.009722 0.059722
1 0.067361 0.5625 0.009722 0.055556
1 0.071875 0.572222 0.007639 0.052778
1 0.078472 0.56875 0.006944 0.051389
1 0.084375 0.568056 0.007639 0.052778
1 0.090625 0.576389 0.007639 0.044444
1 0.098611 0.574306 0.008333 0.040278
3 0.159375 0.534028 0.199306 0.115278
3 0.404514 0.513194 0.204861 0.101389
2 0.391319 0.636806 0.054861 0.081944
1 0.709722 0.523611 0.0125 0.052778
1 0.736806 0.522222 0.011111 0.05
1 0.780903 0.515972 0.015972 0.065278
