3 0.461458 0.150694 0.675694 0.301389
3 0.435764 0.515972 0.215972 0.129167
3 0.145486 0.590278 0.145139 0.080556
3 0.361806 0.700694 0.126389 0.051389
3 0.685069 0.590972 0.104861 0.084722
1 0.041319 0.558333 0.015972 0.069444
1 0.05 0.582639 0.019444 0.051389
1 0.106597 0.654861 0.011806 0.059722
1 0.197917 0.575 0.011111 0.066667
1 0.204514 0.657639 0.010417 0.045833
1 0.218056 0.663194 0.009722 0.054167
1 0.267361 0.561111 0.013889 0.069444
1 0.347569 0.659028 0.009028 0.048611
1 0.467361 0.677778 0.008333 0.044444
1 0.523958 0.686806 0.00625 0.043056
1 0.518056 0.698611 0.006944 0.036111
1 0.510764 0.698611 0.004861 0.036111
1 0.504514 0.700694 0.004861 0.0375
1 0.499306 0.701389 0.006944 0.036111
1 0.827083 0.6 0.009722 0.052778
1 0.906944 0.443056 0.022222 0.080556
1 0.924653 0.433333 0.021528 0.077778
1 0.680903 0.501389 0.027083 0.058333
