1 0.014583 0.422222 0.027778 0.080556
1 0.040972 0.341667 0.038889 0.091667
1 0.050694 0.364583 0.034722 0.095833
1 0.082639 0.361111 0.036111 0.102778
1 0.075347 0.45625 0.017361 0.065278
5 0.321875 0.535417 0.070139 0.101389
1 0.316667 0.551389 0.013889 0.038889
1 0.320139 0.5625 0.013889 0.036111
1 0.492361 0.484028 0.0125 0.084722
1 0.411806 0.697917 0.0125 0.054167
1 0.479167 0.630556 0.0125 0.063889
1 0.473611 0.706944 0.006944 0.061111
1 0.480208 0.709722 0.007639 0.055556
1 0.488194 0.720139 0.008333 0.059722
1 0.498611 0.713889 0.006944 0.052778
1 0.505903 0.7125 0.007639 0.05
1 0.502431 0.722222 0.007639 0.058333
1 0.517014 0.723611 0.007639 0.052778
1 0.532292 0.716667 0.009028 0.052778
1 0.545833 0.718056 0.008333 0.052778
1 0.553472 0.715278 0.008333 0.05
1 0.541319 0.755556 0.010417 0.044444
1 0.598611 0.701389 0.009722 0.063889
1 0.610764 0.696528 0.009028 0.059722
5 0.564236 0.753472 0.039583 0.084722
1 0.714236 0.710417 0.011806 0.045833
1 0.721528 0.711111 0.0125 0.044444
1 0.721875 0.760417 0.011806 0.048611
1 0.812847 0.722222 0.014583 0.044444
1 0.824653 0.727778 0.014583 0.047222
3 0.772222 0.691667 0.090278 0.044444
3 0.937153 0.71875 0.125694 0.076389
3 0.821528 0.179861 0.356944 0.359722
