5 0.039931 0.352083 0.078472 0.254167
1 0.142708 0.375 0.03125 0.1
1 0.115972 0.363889 0.022222 0.094444
1 0.113194 0.411111 0.018056 0.047222
1 0.110417 0.469444 0.029167 0.075
1 0.141667 0.474306 0.019444 0.073611
5 0.361806 0.519444 0.066667 0.091667
1 0.357639 0.534028 0.013889 0.043056
1 0.363194 0.547222 0.015278 0.041667
1 0.474653 0.542361 0.013194 0.076389
1 0.461806 0.675 0.009722 0.05
1 0.524306 0.619444 0.011111 0.052778
1 0.523264 0.68125 0.007639 0.059722
1 0.528125 0.683333 0.004861 0.055556
1 0.536111 0.691667 0.008333 0.052778
1 0.546875 0.688194 0.00625 0.051389
1 0.553819 0.684028 0.007639 0.045833
1 0.553125 0.698611 0.00625 0.047222
1 0.564236 0.695833 0.007639 0.047222
1 0.580903 0.6875 0.007639 0.052778
1 0.594097 0.688194 0.00625 0.054167
1 0.6 0.688194 0.005556 0.048611
5 0.613194 0.725 0.0375 0.083333
1 0.609375 0.779861 0.011806 0.031944
1 0.649306 0.664583 0.0125 0.054167
1 0.660417 0.663889 0.0125 0.052778
1 0.767361 0.671528 0.013889 0.045833
1 0.775 0.66875 0.013889 0.045833
1 0.775694 0.719444 0.0125 0.041667
1 0.874653 0.675 0.014583 0.047222
1 0.884722 0.677778 0.016667 0.047222
3 0.848264 0.168056 0.303472 0.336111
3 0.826736 0.640972 0.090972 0.068056
3 0.970486 0.679167 0.059028 0.069444
0 0.270486 0.861806 0.01875 0.020833
0 0.277431 0.859028 0.010417 0.018056
0 0.289931 0.85625 0.020139 0.029167
