3 0.039236 0.70625 0.077083 0.054167
1 0.051736 0.75625 0.015972 0.045833
1 0.063542 0.763194 0.014583 0.051389
1 0.202778 0.747917 0.009722 0.045833
1 0.236458 0.701389 0.010417 0.038889
3 0.264583 0.669444 0.152778 0.075
3 0.215278 0.8125 0.163889 0.047222
1 0.336458 0.833333 0.00625 0.038889
1 0.342361 0.828472 0.005556 0.034722
1 0.347917 0.826389 0.006944 0.030556
1 0.354514 0.827083 0.007639 0.031944
3 0.473611 0.747917 0.120833 0.068056
1 0.627083 0.670139 0.008333 0.056944
1 0.612847 0.672222 0.011806 0.063889
1 0.611806 0.695833 0.006944 0.05
0 0.980903 0.929861 0.017361 0.0125
0 0.951042 0.936806 0.01875 0.018056
0 0.919097 0.938194 0.015972 0.015278
0 0.902778 0.936111 0.015278 0.011111
0 0.864931 0.942361 0.01875 0.009722
0 0.848958 0.946528 0.015972 0.018056
0 0.820486 0.946528 0.010417 0.0125
0 0.831944 0.944444 0.009722 0.011111
3 0.302083 0.290278 0.522222 0.580556
