3 0.459375 0.147222 0.686806 0.294444
3 0.423958 0.508333 0.210417 0.127778
3 0.691319 0.586806 0.090972 0.093056
3 0.367708 0.697917 0.128472 0.051389
3 0.137847 0.582639 0.145139 0.084722
1 0.027778 0.547222 0.018056 0.072222
1 0.035417 0.56875 0.019444 0.051389
1 0.092014 0.642361 0.013194 0.0625
1 0.186806 0.564583 0.0125 0.070833
1 0.257986 0.547222 0.015972 0.066667
1 0.196181 0.645833 0.009028 0.052778
1 0.205556 0.650694 0.009722 0.054167
1 0.338194 0.650694 0.008333 0.048611
1 0.44375 0.672222 0.008333 0.044444
1 0.5 0.675 0.005556 0.044444
1 0.511111 0.690972 0.008333 0.0375
1 0.502431 0.692361 0.004861 0.034722
1 0.497222 0.69375 0.006944 0.034722
1 0.491319 0.695139 0.00625 0.0375
1 0.823611 0.582639 0.011111 0.054167
1 0.897222 0.435417 0.019444 0.081944
1 0.912847 0.421528 0.022917 0.084722
1 0.673264 0.493056 0.027083 0.05
