1 0.023958 0.54375 0.022917 0.073611
1 0.131944 0.514583 0.022222 0.070833
1 0.118403 0.593056 0.013194 0.069444
1 0.123264 0.599306 0.011806 0.065278
1 0.132986 0.618056 0.017361 0.066667
1 0.15 0.618056 0.013889 0.063889
1 0.160069 0.613889 0.014583 0.058333
1 0.156944 0.627778 0.011111 0.061111
1 0.171181 0.631944 0.011806 0.061111
1 0.177083 0.640278 0.0125 0.058333
1 0.170833 0.781944 0.0125 0.044444
1 0.198958 0.647222 0.009028 0.061111
1 0.208333 0.648611 0.0125 0.052778
1 0.246181 0.659028 0.010417 0.051389
5 0.226042 0.688194 0.040972 0.104167
1 0.367708 0.714583 0.009028 0.040278
1 0.370486 0.679861 0.009028 0.048611
1 0.378819 0.684028 0.009028 0.048611
1 0.395486 0.69375 0.009028 0.048611
1 0.478472 0.735417 0.008333 0.045833
1 0.469444 0.728472 0.008333 0.045833
3 0.430556 0.685417 0.063889 0.051389
3 0.639931 0.571528 0.146528 0.118056
1 0.714583 0.741667 0.009722 0.038889
1 0.720833 0.738194 0.005556 0.0375
1 0.727083 0.733333 0.005556 0.041667
1 0.752083 0.825 0.006944 0.030556
1 0.764583 0.83125 0.008333 0.031944
1 0.892014 0.509028 0.009028 0.045833
1 0.885417 0.516667 0.009722 0.047222
3 0.896528 0.58125 0.140278 0.120833
3 0.697222 0.200694 0.576389 0.401389
3 0.611806 0.756944 0.154167 0.077778
1 0.031944 0.336806 0.029167 0.0625
