3 0.376389 0.270833 0.577778 0.541666
1 0.123264 0.553472 0.020139 0.076389
1 0.140625 0.586111 0.014583 0.066667
1 0.064583 0.690972 0.011111 0.054167
1 0.089931 0.713889 0.014583 0.055556
1 0.102431 0.768056 0.011806 0.05
1 0.189236 0.770833 0.010417 0.044444
1 0.198264 0.78125 0.011806 0.040278
3 0.149653 0.715278 0.111806 0.080556
1 0.254514 0.685417 0.010417 0.043056
1 0.265625 0.792361 0.007639 0.0375
1 0.303125 0.777778 0.009028 0.044444
6 0.342361 0.691667 0.016667 0.027778
2 0.328819 0.723611 0.053472 0.038889
2 0.302083 0.791667 0.048611 0.097222
2 0.247222 0.794444 0.0625 0.116667
3 0.377431 0.822917 0.102083 0.054167
3 0.384375 0.671528 0.172917 0.081944
1 0.46875 0.825 0.006944 0.036111
1 0.460417 0.826389 0.005556 0.036111
1 0.455556 0.825694 0.004167 0.034722
1 0.451389 0.828472 0.005556 0.0375
1 0.481597 0.625694 0.014583 0.0625
3 0.587847 0.733333 0.113194 0.077778
1 0.495833 0.910417 0.004167 0.029167
1 0.735764 0.625 0.017361 0.061111
1 0.755556 0.616667 0.018056 0.061111
1 0.977778 0.720833 0.023611 0.058333
