5 0.076042 0.373611 0.09375 0.144444
1 0.071875 0.389583 0.024306 0.048611
1 0.075 0.404861 0.023611 0.045833
1 0.201389 0.442361 0.022222 0.054167
1 0.186806 0.615972 0.015278 0.056944
1 0.271181 0.579861 0.020139 0.065278
1 0.258681 0.647917 0.010417 0.065278
1 0.271528 0.666667 0.0125 0.061111
1 0.283333 0.665278 0.009722 0.05
1 0.291319 0.663889 0.009028 0.05
1 0.288194 0.676389 0.009722 0.05
1 0.301042 0.677778 0.007639 0.047222
1 0.307292 0.683333 0.007639 0.047222
1 0.329514 0.690278 0.007639 0.047222
1 0.321875 0.684722 0.007639 0.047222
1 0.366319 0.693056 0.010417 0.05
1 0.463542 0.692361 0.009028 0.048611
1 0.472222 0.729861 0.006944 0.045833
1 0.483333 0.702778 0.006944 0.047222
1 0.498264 0.711111 0.007639 0.047222
1 0.295139 0.805556 0.011111 0.038889
1 0.569097 0.741667 0.009028 0.041667
1 0.577431 0.75 0.009028 0.041667
1 0.835417 0.73125 0.006944 0.040278
5 0.347569 0.719444 0.034028 0.086111
1 0.822222 0.7375 0.013889 0.041667
1 0.828819 0.734722 0.009028 0.041667
1 0.864931 0.823611 0.00625 0.033333
1 0.881597 0.832639 0.00625 0.0375
3 0.766319 0.205556 0.467361 0.411111
3 0.755556 0.585417 0.1875 0.156944
3 0.533333 0.701389 0.059722 0.058333
3 0.702431 0.759722 0.14375 0.088889
