1 0.035417 0.174306 0.044444 0.115278
3 0.176042 0.19375 0.200694 0.270833
1 0.015625 0.556944 0.020139 0.069444
3 0.099306 0.643056 0.190278 0.111111
3 0.481597 0.550694 0.140972 0.104167
1 0.760069 0.39375 0.022917 0.093056
1 0.779514 0.3875 0.020139 0.1
1 0.225347 0.665972 0.009028 0.054167
1 0.234722 0.663889 0.006944 0.052778
1 0.240972 0.661806 0.006944 0.054167
1 0.253472 0.665972 0.009722 0.054167
1 0.261806 0.677083 0.008333 0.048611
1 0.255556 0.706944 0.008333 0.047222
1 0.530903 0.335417 0.034028 0.095833
