1 0.031944 0.445833 0.034722 0.097222
1 0.050347 0.4625 0.034028 0.097222
1 0.077431 0.466667 0.034028 0.102778
1 0.069444 0.569444 0.023611 0.088889
1 0.492014 0.581944 0.011806 0.086111
1 0.471875 0.724306 0.011806 0.0625
1 0.411458 0.803472 0.011806 0.056944
1 0.363194 0.683333 0.0125 0.038889
1 0.353819 0.693056 0.010417 0.038889
5 0.357639 0.668056 0.059722 0.097222
1 0.476389 0.80625 0.009722 0.059722
1 0.480903 0.814583 0.00625 0.056944
1 0.487847 0.823611 0.009028 0.061111
1 0.498958 0.820833 0.007639 0.055556
1 0.505903 0.815972 0.009028 0.051389
1 0.503472 0.827083 0.005556 0.0625
1 0.517361 0.829861 0.008333 0.054167
1 0.534028 0.818056 0.009722 0.052778
1 0.547917 0.821528 0.009722 0.054167
1 0.553125 0.821528 0.009028 0.051389
1 0.540625 0.8625 0.013194 0.047222
1 0.599306 0.8 0.0125 0.058333
1 0.611111 0.799306 0.011111 0.051389
1 0.724306 0.861111 0.013889 0.047222
1 0.714931 0.810417 0.013194 0.048611
1 0.722569 0.810417 0.014583 0.045833
1 0.815278 0.820139 0.013889 0.048611
1 0.827431 0.825694 0.014583 0.045833
3 0.773611 0.790278 0.088889 0.055556
3 0.907986 0.826389 0.086806 0.052778
5 0.566667 0.856944 0.0375 0.097222
3 0.804861 0.238889 0.390278 0.477778
0 0.192361 0.989583 0.016667 0.018056
0 0.203125 0.990278 0.011806 0.016667
0 0.217361 0.988194 0.023611 0.020833
