3 0.553125 0.111806 0.442361 0.223611
3 0.334722 0.45625 0.263889 0.1625
3 0.615625 0.581944 0.120139 0.097222
3 0.273264 0.696528 0.197917 0.043056
3 0.044792 0.565972 0.088194 0.059722
1 0.019444 0.500694 0.018056 0.081944
1 0.119097 0.485417 0.021528 0.090278
1 0.043403 0.615972 0.015972 0.059722
1 0.061458 0.626389 0.013194 0.066667
1 0.249653 0.638194 0.011806 0.054167
1 0.415625 0.7 0.00625 0.047222
1 0.421875 0.699306 0.00625 0.045833
1 0.428125 0.697222 0.00625 0.041667
1 0.436806 0.697222 0.006944 0.041667
1 0.44375 0.695139 0.006944 0.045833
1 0.456597 0.707639 0.00625 0.043056
1 0.857639 0.421528 0.023611 0.084722
1 0.881597 0.408333 0.027083 0.088889
1 0.628125 0.454861 0.028472 0.073611
