3 0.480556 0.254861 0.340278 0.340278
3 0.885764 0.352778 0.228472 0.252778
3 0.473958 0.661806 0.210417 0.084722
3 0.142014 0.527083 0.234028 0.104167
1 0.394444 0.240972 0.036111 0.093056
1 0.371181 0.270139 0.032639 0.065278
1 0.535417 0.602778 0.013889 0.055556
1 0.144444 0.451389 0.016667 0.088889
1 0.072569 0.605556 0.01875 0.061111
1 0.230903 0.597222 0.011806 0.063889
1 0.248958 0.608333 0.011806 0.061111
1 0.694097 0.643056 0.007639 0.05
1 0.678819 0.673611 0.009028 0.05
1 0.667708 0.627083 0.009028 0.051389
1 0.655208 0.630556 0.009028 0.052778
1 0.648264 0.633333 0.009028 0.05
1 0.639931 0.635417 0.007639 0.051389
