3 0.044444 0.693056 0.0875 0.066667
1 0.068403 0.745139 0.015972 0.045833
1 0.079861 0.754167 0.0125 0.05
1 0.164583 0.699306 0.0125 0.043056
1 0.176042 0.706944 0.013194 0.05
3 0.228472 0.804167 0.172222 0.05
3 0.287847 0.659722 0.16875 0.069444
1 0.398264 0.632639 0.014583 0.065278
1 0.348264 0.823611 0.00625 0.038889
1 0.354514 0.81875 0.004861 0.0375
1 0.359722 0.816667 0.006944 0.036111
1 0.366319 0.81875 0.00625 0.0375
3 0.479861 0.742361 0.119444 0.068056
3 0.322569 0.279861 0.539583 0.559722
1 0.626389 0.653472 0.011111 0.056944
1 0.642014 0.654167 0.009028 0.055556
1 0.630556 0.679861 0.006944 0.040278
0 0.967708 0.918056 0.022917 0.013889
0 0.939583 0.922917 0.018056 0.0125
0 0.922569 0.920833 0.015972 0.011111
0 0.882986 0.925694 0.020139 0.0125
0 0.837153 0.93125 0.013194 0.009722
