3 0.488194 0.138889 0.548611 0.277778
3 0.634028 0.5875 0.122222 0.091667
3 0.3625 0.500694 0.219444 0.129167
3 0.065278 0.579167 0.129167 0.091667
3 0.302778 0.701389 0.177778 0.063889
1 0.101042 0.55 0.014583 0.080556
1 0.180208 0.534028 0.013194 0.079167
1 0.113542 0.642361 0.014583 0.056944
1 0.128472 0.654167 0.013889 0.061111
1 0.292361 0.656944 0.008333 0.052778
1 0.44375 0.690278 0.008333 0.038889
1 0.445139 0.7125 0.006944 0.027778
1 0.451389 0.704861 0.006944 0.040278
1 0.457986 0.704861 0.007639 0.040278
1 0.467708 0.703472 0.009028 0.040278
1 0.481597 0.701389 0.010417 0.041667
1 0.853125 0.440972 0.022917 0.079167
1 0.876042 0.429167 0.027083 0.083333
1 0.631944 0.488889 0.029167 0.063889
