3 0.647569 0.083333 0.329861 0.166667
3 0.336806 0.427778 0.272222 0.175
3 0.628472 0.560417 0.152778 0.115278
3 0.265625 0.670833 0.217361 0.058333
3 0.044097 0.536806 0.057639 0.0625
1 0.011458 0.461111 0.021528 0.091667
1 0.113542 0.447222 0.01875 0.094444
1 0.037847 0.590278 0.015972 0.061111
1 0.055208 0.600694 0.015972 0.068056
1 0.250694 0.620139 0.0125 0.054167
1 0.420833 0.688194 0.005556 0.045833
1 0.426736 0.685417 0.00625 0.040278
1 0.432639 0.684028 0.005556 0.043056
1 0.443056 0.688194 0.006944 0.045833
1 0.464236 0.697917 0.00625 0.040278
1 0.892014 0.391667 0.025694 0.091667
1 0.916319 0.379861 0.022917 0.090278
1 0.652778 0.41875 0.029167 0.073611
