0 0.214236 0.85625 0.01875 0.020833
0 0.220833 0.852778 0.011111 0.019444
0 0.234028 0.852778 0.020833 0.027778
1 0.05 0.325694 0.033333 0.095833
1 0.062153 0.352083 0.028472 0.095833
1 0.089236 0.348611 0.03125 0.1
1 0.051736 0.44375 0.032639 0.090278
1 0.079514 0.454167 0.025694 0.086111
5 0.315625 0.5125 0.067361 0.094444
1 0.310417 0.53125 0.013889 0.043056
1 0.314931 0.542361 0.011806 0.040278
1 0.486458 0.525694 0.015972 0.073611
1 0.414931 0.675 0.011806 0.052778
1 0.482639 0.619444 0.0125 0.061111
1 0.477431 0.685417 0.007639 0.056944
1 0.483681 0.688194 0.00625 0.054167
1 0.490625 0.697917 0.007639 0.054167
1 0.502431 0.695139 0.00625 0.045833
1 0.508681 0.690972 0.007639 0.045833
1 0.509028 0.70625 0.006944 0.048611
1 0.519097 0.703472 0.007639 0.048611
1 0.535069 0.69375 0.009028 0.051389
1 0.548611 0.695833 0.006944 0.047222
1 0.555556 0.695833 0.006944 0.047222
5 0.567361 0.729167 0.034722 0.083333
1 0.568056 0.779167 0.006944 0.016667
1 0.601389 0.676389 0.0125 0.052778
1 0.613889 0.674306 0.011111 0.054167
1 0.715278 0.685417 0.011111 0.045833
1 0.722917 0.685417 0.0125 0.043056
1 0.723264 0.735417 0.011806 0.043056
1 0.813542 0.695833 0.011806 0.047222
1 0.823958 0.700694 0.013194 0.045833
3 0.826389 0.168056 0.347222 0.336111
3 0.768403 0.664583 0.077083 0.059722
3 0.938889 0.689583 0.122222 0.090278
