5 0.057639 0.365278 0.1 0.144444
1 0.051042 0.376389 0.021528 0.05
1 0.053472 0.39375 0.025 0.045833
1 0.185417 0.431944 0.022222 0.058333
1 0.171181 0.610417 0.017361 0.059722
1 0.255903 0.572917 0.017361 0.059722
1 0.245486 0.640278 0.010417 0.061111
1 0.248958 0.647917 0.009028 0.056944
1 0.259375 0.660417 0.010417 0.0625
1 0.271181 0.660417 0.010417 0.056944
1 0.279514 0.658333 0.011806 0.052778
1 0.275694 0.670139 0.008333 0.059722
1 0.288542 0.671528 0.009028 0.054167
1 0.293403 0.679861 0.007639 0.051389
1 0.311111 0.682639 0.0125 0.054167
1 0.320139 0.684028 0.011111 0.048611
1 0.355208 0.690972 0.009028 0.051389
1 0.286806 0.804861 0.011111 0.040278
5 0.338194 0.714583 0.034722 0.093056
1 0.466319 0.727778 0.009028 0.044444
1 0.467708 0.7 0.009028 0.044444
1 0.475347 0.7 0.009028 0.044444
1 0.490625 0.709722 0.009028 0.044444
1 0.563542 0.740278 0.009028 0.041667
1 0.573264 0.745833 0.009028 0.041667
1 0.834028 0.726389 0.006944 0.038889
1 0.828472 0.730556 0.006944 0.038889
1 0.820486 0.731944 0.011806 0.041667
1 0.88125 0.824306 0.006944 0.0375
3 0.530903 0.700694 0.061806 0.056944
3 0.692014 0.753472 0.117361 0.068056
3 0.739236 0.577083 0.161806 0.151389
3 0.75 0.215972 0.5 0.431944
