3 0.364236 0.261111 0.577083 0.522222
3 0.114236 0.6875 0.104861 0.077778
3 0.305903 0.809722 0.14375 0.036111
3 0.566667 0.727778 0.102778 0.066667
3 0.351042 0.65625 0.161806 0.084722
1 0.051042 0.690972 0.015972 0.056944
1 0.052431 0.749306 0.014583 0.048611
1 0.088542 0.729861 0.011806 0.051389
1 0.157986 0.752778 0.011806 0.044444
1 0.167708 0.765278 0.007639 0.044444
1 0.29375 0.73125 0.013889 0.040278
1 0.314931 0.705556 0.010417 0.044444
1 0.424653 0.819444 0.00625 0.036111
1 0.430208 0.815278 0.004861 0.036111
1 0.434375 0.814583 0.00625 0.034722
1 0.441667 0.8125 0.008333 0.033333
1 0.438542 0.604167 0.014583 0.041667
1 0.711111 0.615972 0.011111 0.059722
1 0.722917 0.615972 0.0125 0.054167
1 0.727431 0.606944 0.013194 0.058333
