3 0.464236 0.234028 0.614583 0.468056
1 0.085069 0.631944 0.01875 0.066667
1 0.128819 0.703472 0.011806 0.056944
1 0.215972 0.636111 0.0125 0.061111
1 0.217361 0.7 0.011111 0.044444
1 0.227431 0.706944 0.009028 0.05
1 0.278472 0.625694 0.013889 0.065278
1 0.318056 0.590278 0.011111 0.061111
1 0.355556 0.577083 0.015278 0.0625
1 0.344444 0.7 0.009722 0.05
3 0.423264 0.599306 0.189583 0.081944
3 0.3875 0.730556 0.080556 0.052778
1 0.438542 0.717361 0.007639 0.040278
1 0.452083 0.704861 0.008333 0.045833
1 0.487153 0.736806 0.004861 0.040278
1 0.491319 0.733333 0.00625 0.041667
1 0.504167 0.729861 0.006944 0.040278
3 0.150694 0.639583 0.097222 0.095833
3 0.655208 0.645833 0.086806 0.069444
1 0.795833 0.595833 0.0125 0.061111
1 0.819097 0.5375 0.013194 0.069444
1 0.833681 0.53125 0.015972 0.073611
