1 0.048611 0.570139 0.009722 0.051389
1 0.059722 0.571528 0.009722 0.056944
1 0.065625 0.560417 0.010417 0.051389
1 0.071875 0.568056 0.007639 0.052778
1 0.077778 0.570833 0.008333 0.05
1 0.086458 0.571528 0.011806 0.054167
1 0.098264 0.572917 0.011806 0.0375
3 0.167708 0.535417 0.245139 0.115278
3 0.401042 0.513889 0.19375 0.097222
2 0.385764 0.678472 0.070139 0.1375
2 0.069097 0.776389 0.136806 0.175
2 0.322917 0.73125 0.054167 0.126389
1 0.742361 0.520833 0.015278 0.05
1 0.769097 0.515972 0.020139 0.070833
1 0.830208 0.50625 0.024306 0.1125
