3 0.386458 0.268056 0.572917 0.536111
3 0.150694 0.709722 0.108333 0.066667
1 0.089236 0.706944 0.010417 0.052778
1 0.091667 0.763889 0.011111 0.047222
1 0.191319 0.689583 0.010417 0.056944
1 0.217014 0.698611 0.014583 0.052778
1 0.189931 0.765278 0.011806 0.047222
1 0.199653 0.772917 0.009028 0.045833
1 0.221875 0.766667 0.010417 0.044444
1 0.335417 0.745833 0.0125 0.047222
1 0.451736 0.818056 0.00625 0.041667
1 0.45625 0.818056 0.006944 0.036111
1 0.461111 0.815972 0.005556 0.034722
1 0.467014 0.814583 0.00625 0.031944
3 0.360417 0.817361 0.118056 0.051389
6 0.345139 0.692361 0.020833 0.034722
3 0.382292 0.658333 0.170139 0.091667
2 0.348264 0.747222 0.009028 0.075
3 0.591319 0.715972 0.121528 0.084722
1 0.7375 0.60625 0.0125 0.059722
1 0.752083 0.595833 0.0125 0.063889
1 0.814236 0.568056 0.022917 0.069444
