3 0.437847 0.175694 0.786806 0.351388
3 0.427778 0.543056 0.206944 0.111111
3 0.153819 0.596528 0.129861 0.0875
1 0.05 0.575694 0.013889 0.068056
1 0.198958 0.583333 0.01875 0.069444
1 0.269097 0.56875 0.017361 0.073611
1 0.107292 0.658333 0.010417 0.063889
1 0.204167 0.6625 0.015278 0.05
1 0.214583 0.669444 0.011111 0.047222
1 0.058681 0.590278 0.021528 0.052778
1 0.343403 0.661806 0.009028 0.048611
3 0.365625 0.698611 0.121528 0.044444
1 0.443056 0.68125 0.009722 0.043056
1 0.467014 0.669444 0.007639 0.044444
1 0.494444 0.701389 0.005556 0.036111
1 0.499653 0.698611 0.004861 0.036111
1 0.512847 0.695833 0.007639 0.038889
3 0.688194 0.591667 0.090278 0.086111
1 0.8375 0.559028 0.0125 0.054167
1 0.877083 0.461111 0.018056 0.075
1 0.894097 0.449306 0.025694 0.073611
1 0.6625 0.515972 0.029167 0.051389
