3 0.371875 0.257639 0.588194 0.515278
3 0.143056 0.7125 0.106944 0.063889
3 0.331597 0.811806 0.170139 0.0375
3 0.369444 0.6625 0.154167 0.086111
3 0.587153 0.720139 0.113194 0.065278
1 0.08125 0.708333 0.0125 0.058333
1 0.083333 0.765972 0.0125 0.048611
1 0.187847 0.684028 0.01875 0.0625
1 0.218403 0.7125 0.013194 0.05
1 0.183681 0.767361 0.010417 0.045833
1 0.192708 0.772917 0.009028 0.045833
1 0.348264 0.717361 0.010417 0.040278
1 0.456597 0.609028 0.010417 0.045833
1 0.447569 0.820139 0.00625 0.040278
1 0.452083 0.816667 0.005556 0.036111
1 0.457639 0.817361 0.006944 0.034722
1 0.4625 0.814583 0.006944 0.0375
1 0.734028 0.604861 0.013889 0.059722
1 0.755208 0.59375 0.01875 0.0625
1 0.775694 0.574306 0.016667 0.0625
