3 0.283333 0.280556 0.565278 0.561111
3 0.465972 0.744444 0.102778 0.069444
3 0.246528 0.655556 0.183333 0.066667
3 0.181944 0.80625 0.169444 0.043056
3 0.022569 0.7 0.04375 0.038889
1 0.010069 0.740972 0.015972 0.045833
1 0.022569 0.752083 0.013194 0.054167
1 0.182639 0.718056 0.0125 0.041667
1 0.201389 0.703472 0.013889 0.048611
1 0.339583 0.611806 0.018056 0.031944
1 0.319444 0.827083 0.005556 0.040278
1 0.325347 0.826389 0.00625 0.036111
1 0.330903 0.824306 0.00625 0.034722
1 0.337847 0.825694 0.00625 0.0375
1 0.621528 0.650694 0.013889 0.054167
1 0.607639 0.654861 0.009722 0.056944
1 0.606597 0.677778 0.010417 0.055556
0 0.971875 0.935417 0.017361 0.015278
0 0.937847 0.9375 0.020139 0.011111
0 0.910069 0.941667 0.017361 0.013889
0 0.892361 0.940278 0.015278 0.013889
0 0.854861 0.944444 0.020833 0.008333
0 0.821528 0.948611 0.008333 0.008333
0 0.809375 0.947917 0.010417 0.009722
