1 0.041319 0.770139 0.01875 0.065278
1 0.086111 0.778472 0.016667 0.065278
1 0.055556 0.769444 0.013889 0.061111
5 0.068403 0.813889 0.059028 0.1
1 0.241667 0.786111 0.013889 0.055556
1 0.255208 0.805556 0.009028 0.055556
1 0.262847 0.829167 0.007639 0.047222
1 0.275694 0.874306 0.008333 0.045833
1 0.294097 0.725 0.015972 0.066667
1 0.373958 0.663889 0.015972 0.080556
1 0.435764 0.683333 0.013194 0.069444
1 0.397569 0.774306 0.010417 0.056944
1 0.346528 0.868056 0.008333 0.047222
1 0.355903 0.872917 0.009028 0.045833
1 0.395486 0.794444 0.007639 0.047222
6 0.484375 0.770139 0.010417 0.023611
2 0.470486 0.796528 0.020139 0.043056
2 0.44375 0.904861 0.059722 0.1875
3 0.313542 0.81875 0.090972 0.059722
3 0.515972 0.753472 0.148611 0.090278
1 0.497917 0.860417 0.009722 0.043056
1 0.513542 0.867361 0.009028 0.040278
1 0.615625 0.879861 0.009028 0.0375
1 0.60625 0.879167 0.008333 0.036111
1 0.600694 0.88125 0.006944 0.034722
1 0.596181 0.883333 0.007639 0.038889
3 0.495833 0.902083 0.047222 0.029167
3 0.772569 0.763889 0.075694 0.083333
1 0.91875 0.629861 0.022222 0.073611
1 0.943403 0.615972 0.024306 0.070833
3 0.525 0.285417 0.540278 0.570833
