3 0.292014 0.270833 0.582639 0.541666
3 0.021528 0.681944 0.041667 0.05
3 0.18125 0.797917 0.193056 0.056944
3 0.438542 0.740278 0.146528 0.088889
3 0.243056 0.640278 0.180556 0.069444
1 0.006597 0.727778 0.011806 0.044444
1 0.016667 0.740278 0.015278 0.052778
1 0.178125 0.707639 0.011806 0.043056
1 0.204861 0.679167 0.0125 0.038889
1 0.317361 0.820833 0.006944 0.038889
1 0.323958 0.816667 0.004861 0.036111
1 0.328472 0.816667 0.005556 0.038889
1 0.337153 0.815972 0.007639 0.0375
1 0.339583 0.593056 0.018056 0.05
1 0.622222 0.636806 0.013889 0.059722
1 0.607986 0.641667 0.010417 0.061111
1 0.609375 0.670833 0.00625 0.044444
0 0.970833 0.924306 0.015278 0.0125
0 0.938889 0.925 0.018056 0.016667
0 0.909375 0.930556 0.017361 0.013889
0 0.892361 0.929861 0.016667 0.0125
0 0.854861 0.936111 0.018056 0.011111
0 0.822222 0.938194 0.009722 0.009722
0 0.811111 0.938889 0.009722 0.011111
