1 0.017708 0.342361 0.01875 0.048611
1 0.086458 0.389583 0.014583 0.051389
1 0.06875 0.416667 0.011111 0.055556
1 0.080903 0.425 0.010417 0.05
1 0.094444 0.427083 0.008333 0.045833
1 0.102083 0.425694 0.008333 0.045833
1 0.170139 0.427083 0.008333 0.045833
1 0.140625 0.429167 0.009028 0.041667
1 0.132986 0.430556 0.009028 0.041667
1 0.110764 0.429861 0.009028 0.048611
1 0.096875 0.476389 0.010417 0.036111
5 0.156597 0.445139 0.029861 0.065278
1 0.273958 0.444444 0.007639 0.038889
1 0.277431 0.429167 0.007639 0.038889
1 0.282986 0.4375 0.007639 0.038889
1 0.296181 0.436111 0.007639 0.038889
1 0.357986 0.447222 0.007639 0.038889
1 0.365972 0.452083 0.006944 0.034722
1 0.549306 0.447222 0.004167 0.030556
1 0.553472 0.444444 0.004167 0.030556
1 0.556944 0.445833 0.004167 0.030556
1 0.585764 0.473611 0.004861 0.030556
1 0.653125 0.394444 0.00625 0.036111
1 0.696181 0.383333 0.009028 0.038889
1 0.760417 0.359722 0.006944 0.055556
3 0.204514 0.097222 0.157639 0.194444
3 0.480556 0.277778 0.343056 0.15
