3 0.512153 0.238194 0.565972 0.476388
1 0.089236 0.667361 0.014583 0.068056
1 0.047222 0.658333 0.013889 0.066667
1 0.059375 0.660417 0.014583 0.059722
1 0.234722 0.597222 0.016667 0.069444
1 0.217708 0.6875 0.011806 0.055556
1 0.246181 0.70625 0.011806 0.051389
1 0.263542 0.725 0.009028 0.05
1 0.277431 0.772917 0.007639 0.045833
1 0.346875 0.764583 0.007639 0.043056
1 0.355903 0.772917 0.007639 0.043056
1 0.3375 0.548611 0.020833 0.069444
1 0.369444 0.563889 0.019444 0.066667
1 0.478472 0.615278 0.015278 0.061111
1 0.399653 0.679861 0.011806 0.045833
6 0.48125 0.670139 0.013889 0.029167
2 0.456944 0.724306 0.041667 0.070833
2 0.431597 0.822222 0.09375 0.122222
3 0.314583 0.716667 0.088889 0.047222
3 0.514931 0.645833 0.154861 0.097222
1 0.492014 0.754167 0.010417 0.038889
1 0.511111 0.76875 0.008333 0.040278
1 0.610069 0.78125 0.007639 0.034722
1 0.601042 0.782639 0.009028 0.034722
1 0.596875 0.784722 0.00625 0.033333
1 0.591319 0.784722 0.009028 0.036111
3 0.501736 0.801389 0.035417 0.036111
3 0.764583 0.661806 0.080556 0.076389
3 0.912153 0.523611 0.020139 0.066667
3 0.935069 0.509028 0.024306 0.070833
5 0.074306 0.704167 0.055556 0.108333
