1 0.047222 0.682639 0.019444 0.0625
1 0.058681 0.682639 0.014583 0.059722
1 0.089931 0.691667 0.01875 0.058333
1 0.095486 0.6625 0.020139 0.066667
1 0.006944 0.670139 0.0125 0.070833
1 0.271528 0.601389 0.013889 0.072222
1 0.263542 0.60625 0.013194 0.068056
1 0.246528 0.746528 0.011111 0.048611
1 0.261111 0.752083 0.008333 0.048611
1 0.275347 0.8 0.007639 0.044444
1 0.344792 0.79375 0.009028 0.0375
1 0.354514 0.800694 0.007639 0.043056
1 0.445833 0.786806 0.008333 0.043056
1 0.445833 0.820139 0.008333 0.040278
1 0.397917 0.701389 0.011111 0.041667
6 0.477431 0.701389 0.020139 0.036111
2 0.469097 0.738194 0.036806 0.054167
2 0.365972 0.852083 0.051389 0.059722
1 0.610764 0.813194 0.009028 0.034722
1 0.601736 0.813889 0.007639 0.036111
1 0.596528 0.813889 0.006944 0.036111
1 0.592014 0.815972 0.007639 0.0375
1 0.612153 0.613889 0.013194 0.066667
1 0.90625 0.550694 0.022222 0.068056
1 0.931944 0.538889 0.025 0.066667
3 0.508681 0.249306 0.565972 0.498611
3 0.514236 0.672222 0.159028 0.1
3 0.73125 0.70625 0.15 0.093056
3 0.303472 0.74375 0.069444 0.043056
3 0.509375 0.822917 0.099306 0.054167
5 0.072569 0.729861 0.059028 0.106944
