5 0.039236 0.348611 0.077083 0.261111
1 0.095486 0.368056 0.024306 0.091667
1 0.115278 0.379167 0.025 0.063889
1 0.115278 0.464583 0.027778 0.084722
1 0.141667 0.465972 0.022222 0.0625
1 0.146875 0.370833 0.027083 0.094444
5 0.364236 0.517361 0.065972 0.0875
1 0.360069 0.531944 0.013194 0.041667
1 0.363889 0.54375 0.0125 0.0375
1 0.455903 0.523611 0.024306 0.05
1 0.462847 0.670833 0.009028 0.052778
1 0.521875 0.616667 0.011806 0.058333
1 0.523264 0.678472 0.007639 0.056944
1 0.528472 0.681944 0.006944 0.047222
1 0.535764 0.689583 0.009028 0.051389
1 0.546528 0.684722 0.005556 0.047222
1 0.554167 0.681944 0.006944 0.047222
1 0.552431 0.692361 0.00625 0.054167
1 0.564931 0.691667 0.009028 0.055556
1 0.580556 0.685417 0.006944 0.054167
1 0.592361 0.688889 0.006944 0.052778
1 0.596875 0.688194 0.010417 0.048611
5 0.612847 0.71875 0.039583 0.090278
1 0.601042 0.79375 0.010417 0.040278
1 0.659028 0.656944 0.008333 0.052778
1 0.663542 0.659028 0.007639 0.048611
1 0.781944 0.71875 0.0125 0.045833
1 0.766319 0.666667 0.013194 0.047222
1 0.774653 0.665972 0.014583 0.045833
1 0.873264 0.670139 0.013194 0.048611
1 0.885417 0.677778 0.015278 0.044444
3 0.824306 0.631944 0.084722 0.091667
3 0.968056 0.675694 0.063889 0.0625
0 0.271875 0.860417 0.01875 0.020833
0 0.291319 0.860417 0.01875 0.020833
0 0.278819 0.857639 0.010417 0.018056
3 0.852083 0.152778 0.295833 0.305556
