3 0.898264 0.320833 0.203472 0.291667
3 0.492014 0.643056 0.227083 0.088889
1 0.537847 0.578472 0.013194 0.056944
1 0.679167 0.654861 0.011111 0.056944
1 0.694792 0.624306 0.007639 0.048611
1 0.669097 0.609028 0.011806 0.048611
1 0.655208 0.613194 0.010417 0.056944
1 0.649306 0.616667 0.006944 0.05
1 0.640625 0.615972 0.010417 0.056944
3 0.473264 0.217361 0.324306 0.331944
1 0.396875 0.215278 0.028472 0.088889
1 0.207639 0.379861 0.020833 0.093056
3 0.130903 0.477083 0.210417 0.134722
1 0.153472 0.415278 0.020833 0.088889
1 0.235764 0.570139 0.011806 0.065278
1 0.253819 0.579167 0.010417 0.069444
1 0.127778 0.579167 0.015278 0.069444
1 0.011806 0.452083 0.022222 0.076389
