3 0.327083 0.309028 0.5375 0.618056
3 0.047569 0.746528 0.09375 0.065278
1 0.076042 0.8 0.014583 0.044444
1 0.087847 0.80625 0.013194 0.051389
1 0.130556 0.73125 0.013889 0.059722
1 0.142361 0.734028 0.013889 0.056944
1 0.292014 0.709028 0.16875 0.081944
1 0.404861 0.676389 0.016667 0.052778
1 0.354514 0.877083 0.00625 0.043056
1 0.360764 0.875 0.00625 0.036111
1 0.365972 0.871528 0.006944 0.0375
1 0.373264 0.875 0.00625 0.036111
3 0.500694 0.792361 0.094444 0.065278
1 0.649653 0.70625 0.009028 0.054167
1 0.634028 0.704167 0.011111 0.058333
1 0.628125 0.71875 0.013194 0.051389
0 0.889236 0.968056 0.022917 0.022222
0 0.869097 0.968056 0.017361 0.013889
0 0.989236 0.983333 0.021528 0.016667
0 0.961111 0.986806 0.019444 0.0125
0 0.941667 0.985417 0.019444 0.0125
0 0.902083 0.988194 0.020833 0.0125
0 0.865625 0.992361 0.010417 0.009722
0 0.853472 0.993056 0.011111 0.011111
