1 0.032986 0.416667 0.024306 0.091667
1 0.012847 0.3375 0.024306 0.077778
1 0.035069 0.320833 0.035417 0.1
1 0.067361 0.325694 0.033333 0.109722
1 0.063889 0.394444 0.025 0.052778
5 0.315625 0.506944 0.06875 0.1
1 0.313194 0.522222 0.016667 0.044444
1 0.313889 0.536111 0.016667 0.044444
1 0.4125 0.525694 0.018056 0.054167
1 0.476736 0.626389 0.014583 0.061111
1 0.411458 0.677778 0.011806 0.05
1 0.473264 0.688194 0.007639 0.056944
1 0.478472 0.690972 0.006944 0.054167
1 0.485417 0.703472 0.009722 0.054167
1 0.496875 0.700694 0.00625 0.051389
1 0.503472 0.694444 0.005556 0.047222
1 0.501042 0.70625 0.00625 0.054167
1 0.512153 0.70625 0.00625 0.048611
1 0.520833 0.707639 0.008333 0.048611
1 0.533681 0.710417 0.009028 0.048611
1 0.540972 0.710417 0.009722 0.043056
1 0.516319 0.823611 0.011806 0.036111
5 0.559722 0.7375 0.036111 0.083333
1 0.607292 0.684028 0.009028 0.051389
1 0.614931 0.682639 0.009028 0.051389
1 0.697569 0.69375 0.009028 0.051389
1 0.704167 0.748611 0.011111 0.044444
1 0.714236 0.7 0.014583 0.047222
1 0.802083 0.711806 0.011111 0.043056
1 0.812153 0.715972 0.013194 0.045833
0 0.938542 0.788889 0.022917 0.019444
3 0.830903 0.176389 0.338194 0.352778
3 0.765278 0.685417 0.0875 0.043056
3 0.930208 0.715278 0.139583 0.077778
