3 0.163542 0.445139 0.225694 0.1375
1 0.179514 0.36875 0.020139 0.104167
1 0.023264 0.425694 0.03125 0.084722
1 0.064583 0.526389 0.020833 0.077778
1 0.265278 0.543056 0.013889 0.066667
1 0.285764 0.564583 0.015972 0.0625
1 0.464931 0.106944 0.035417 0.119444
1 0.437153 0.14375 0.025694 0.079167
1 0.586458 0.560417 0.014583 0.059722
3 0.563889 0.165972 0.401389 0.331944
3 0.928125 0.365278 0.14375 0.136111
3 0.531597 0.64375 0.249306 0.090278
1 0.746875 0.6125 0.014583 0.055556
1 0.720833 0.592361 0.009722 0.056944
1 0.711111 0.595833 0.009722 0.058333
1 0.703125 0.601389 0.009028 0.052778
1 0.694444 0.604861 0.009722 0.056944
1 0.760764 0.642361 0.010417 0.040278
