3 0.517014 0.255556 0.547917 0.511111
3 0.760069 0.669444 0.085417 0.080556
3 0.514931 0.649306 0.157639 0.101389
3 0.311806 0.727083 0.070833 0.040278
6 0.477778 0.679861 0.020833 0.031944
2 0.465625 0.723611 0.032639 0.05
2 0.408333 0.747222 0.102778 0.127778
2 0.152778 0.745833 0.1 0.230556
1 0.009375 0.654167 0.017361 0.066667
1 0.051389 0.667361 0.018056 0.059722
1 0.063542 0.66875 0.014583 0.056944
1 0.094097 0.673611 0.017361 0.061111
1 0.220486 0.602083 0.014583 0.068056
1 0.273958 0.593056 0.010417 0.063889
1 0.282639 0.583333 0.013889 0.069444
1 0.240625 0.7125 0.010417 0.055556
1 0.246528 0.718056 0.009722 0.052778
1 0.265972 0.729861 0.008333 0.051389
1 0.279861 0.778472 0.008333 0.043056
1 0.348958 0.770833 0.009028 0.041667
1 0.358333 0.772917 0.006944 0.043056
1 0.510069 0.772222 0.009028 0.041667
1 0.608681 0.784028 0.007639 0.034722
1 0.600694 0.784722 0.008333 0.036111
1 0.595486 0.786111 0.007639 0.038889
1 0.590278 0.7875 0.009722 0.041667
1 0.6125 0.595139 0.013889 0.070833
1 0.910069 0.531944 0.020139 0.069444
1 0.934028 0.520833 0.025 0.069444
5 0.076389 0.713194 0.056944 0.090278
