1 0.009722 0.670139 0.016667 0.0625
1 0.055556 0.676389 0.018056 0.058333
1 0.068056 0.677083 0.0125 0.059722
1 0.097569 0.684722 0.01875 0.058333
5 0.082986 0.717361 0.057639 0.098611
1 0.212153 0.684722 0.013194 0.055556
1 0.3 0.640278 0.011111 0.066667
1 0.254514 0.715972 0.010417 0.054167
1 0.270486 0.729167 0.010417 0.047222
1 0.283681 0.770833 0.007639 0.041667
1 0.354167 0.764583 0.008333 0.040278
1 0.361458 0.768056 0.00625 0.044444
1 0.421875 0.580556 0.014583 0.072222
1 0.472569 0.721528 0.011806 0.043056
1 0.507292 0.755556 0.009028 0.036111
1 0.527431 0.761806 0.007639 0.034722
6 0.492014 0.675 0.015972 0.033333
3 0.520486 0.654167 0.15625 0.094444
1 0.439583 0.59375 0.011111 0.068056
2 0.478819 0.842361 0.079861 0.095833
2 0.418403 0.753472 0.09375 0.095833
2 0.385417 0.849306 0.108333 0.098611
3 0.323611 0.724306 0.091667 0.048611
3 0.501042 0.780556 0.049306 0.025
1 0.613194 0.772222 0.008333 0.033333
1 0.605903 0.775 0.00625 0.036111
1 0.595833 0.776389 0.008333 0.033333
1 0.599653 0.773611 0.00625 0.033333
3 0.767014 0.667361 0.075694 0.084722
1 0.919097 0.540972 0.021528 0.070833
1 0.936806 0.532639 0.023611 0.073611
2 0.222917 0.560417 0.068056 0.159722
3 0.546181 0.243056 0.528472 0.486111
