3 0.367708 0.256944 0.560417 0.513888
1 0.05625 0.5875 0.022222 0.069444
1 0.072222 0.590278 0.019444 0.069444
1 0.092014 0.670139 0.021528 0.056944
1 0.084722 0.709722 0.013889 0.052778
1 0.0875 0.766667 0.0125 0.05
1 0.202083 0.704167 0.011111 0.055556
1 0.186111 0.76875 0.011111 0.045833
1 0.195833 0.775 0.009722 0.044444
1 0.267708 0.722917 0.011806 0.048611
1 0.256597 0.788889 0.009028 0.047222
1 0.454167 0.610417 0.015278 0.034722
1 0.448611 0.819444 0.005556 0.036111
1 0.452778 0.816667 0.005556 0.036111
1 0.459028 0.818056 0.005556 0.036111
1 0.465278 0.816667 0.005556 0.036111
1 0.484722 0.895833 0.006944 0.030556
3 0.339931 0.811111 0.134028 0.044444
3 0.368403 0.665278 0.152083 0.086111
6 0.339236 0.690278 0.024306 0.027778
3 0.589236 0.71875 0.114583 0.070833
1 0.734028 0.607639 0.013889 0.0625
1 0.75 0.599306 0.016667 0.0625
1 0.820833 0.567361 0.016667 0.0625
0 0.980556 0.917361 0.016667 0.009722
