3 0.503819 0.75625 0.257639 0.115278
3 0.933333 0.484722 0.133333 0.158333
3 0.537847 0.26875 0.403472 0.4125
1 0.413889 0.298611 0.033333 0.077778
1 0.437847 0.263194 0.034028 0.115278
1 0.144444 0.509028 0.019444 0.104167
1 0.229514 0.7 0.011806 0.069444
1 0.250694 0.715972 0.015278 0.065278
3 0.116319 0.593056 0.23125 0.141667
1 0.719097 0.726389 0.013194 0.055556
1 0.756597 0.851389 0.00625 0.038889
1 0.709722 0.733333 0.009722 0.055556
1 0.702431 0.74375 0.009028 0.056944
1 0.694444 0.746528 0.009722 0.056944
1 0.686806 0.752083 0.011111 0.056944
1 0.680208 0.757639 0.011806 0.054167
