3 0.519097 0.251389 0.620139 0.502778
1 0.007986 0.667361 0.014583 0.065278
1 0.049653 0.676389 0.014583 0.066667
1 0.062153 0.677083 0.014583 0.0625
1 0.105556 0.656944 0.015278 0.063889
1 0.092708 0.684028 0.017361 0.0625
5 0.078472 0.717361 0.056944 0.101389
1 0.297569 0.641667 0.013194 0.069444
1 0.252083 0.719444 0.011111 0.055556
1 0.267014 0.732639 0.010417 0.051389
1 0.281944 0.776389 0.008333 0.047222
1 0.352431 0.769444 0.007639 0.044444
1 0.359722 0.770139 0.006944 0.048611
1 0.422222 0.581944 0.013889 0.077778
1 0.439583 0.59375 0.0125 0.070833
1 0.424653 0.729167 0.009028 0.033333
1 0.483333 0.759028 0.008333 0.040278
1 0.491319 0.70625 0.010417 0.045833
2 0.480903 0.693056 0.034028 0.069444
2 0.459028 0.773611 0.020833 0.133333
3 0.514236 0.788194 0.08125 0.043056
3 0.319444 0.722222 0.083333 0.044444
3 0.520833 0.656944 0.152778 0.094444
1 0.615625 0.778472 0.009028 0.034722
1 0.607639 0.779167 0.006944 0.036111
1 0.602083 0.780556 0.005556 0.033333
1 0.597222 0.781944 0.006944 0.038889
1 0.534028 0.767361 0.008333 0.0375
1 0.768403 0.681944 0.089583 0.075
1 0.924653 0.544444 0.021528 0.072222
1 0.939236 0.534722 0.022917 0.072222
