3 0.134028 0.486806 0.229167 0.123611
3 0.530556 0.1875 0.393056 0.375
3 0.907986 0.336111 0.184028 0.225
3 0.497222 0.651389 0.233333 0.080556
1 0.039236 0.567361 0.020139 0.076389
1 0.153472 0.415278 0.016667 0.097222
1 0.238889 0.579861 0.015278 0.059722
1 0.258333 0.591667 0.013889 0.069444
1 0.555556 0.584722 0.0125 0.058333
1 0.663889 0.622222 0.011111 0.058333
1 0.672917 0.620833 0.009722 0.055556
1 0.679861 0.61875 0.009722 0.051389
1 0.692361 0.615278 0.008333 0.058333
1 0.718403 0.629861 0.010417 0.054167
1 0.703472 0.663194 0.008333 0.054167
