3 0.505208 0.2625 0.602083 0.525
1 0.055556 0.629167 0.020833 0.069444
1 0.047569 0.684028 0.014583 0.056944
1 0.060069 0.680556 0.014583 0.063889
1 0.091319 0.688194 0.017361 0.0625
5 0.077083 0.720139 0.058333 0.104167
1 0.295486 0.638889 0.011806 0.066667
1 0.251389 0.718056 0.0125 0.052778
1 0.266319 0.73125 0.010417 0.051389
1 0.28125 0.775694 0.006944 0.048611
1 0.350694 0.769444 0.006944 0.044444
1 0.359375 0.769444 0.007639 0.047222
3 0.317361 0.722222 0.0875 0.044444
1 0.41875 0.575694 0.015278 0.079167
1 0.436806 0.589583 0.0125 0.070833
1 0.423264 0.726389 0.009028 0.030556
1 0.490625 0.703472 0.007639 0.045833
1 0.457639 0.755556 0.008333 0.041667
1 0.533681 0.764583 0.00625 0.040278
1 0.613889 0.774306 0.008333 0.034722
1 0.605903 0.775 0.004861 0.036111
1 0.600347 0.775694 0.007639 0.0375
1 0.594444 0.776389 0.005556 0.036111
1 0.921181 0.534028 0.020139 0.068056
1 0.933681 0.527083 0.022917 0.073611
3 0.768056 0.663889 0.080556 0.083333
3 0.487153 0.78125 0.078472 0.048611
3 0.522569 0.652083 0.161806 0.098611
2 0.472917 0.700694 0.023611 0.068056
2 0.443056 0.809722 0.031944 0.211111
