3 0.528819 0.257639 0.585417 0.515278
1 0.927083 0.563194 0.018056 0.073611
1 0.951736 0.554167 0.027083 0.075
6 0.493056 0.69375 0.022222 0.034722
2 0.493403 0.723611 0.028472 0.05
3 0.775347 0.688889 0.072917 0.069444
3 0.523611 0.672222 0.159722 0.094444
2 0.426389 0.811806 0.104167 0.176389
2 0.436806 0.947222 0.040278 0.102778
2 0.328125 0.856944 0.092361 0.077778
3 0.507639 0.8125 0.056944 0.041667
1 0.420833 0.595833 0.015278 0.069444
1 0.440972 0.610417 0.0125 0.070833
1 0.298264 0.655556 0.013194 0.066667
1 0.280903 0.793056 0.009028 0.05
3 0.324306 0.745833 0.088889 0.044444
5 0.076389 0.734028 0.056944 0.098611
1 0.008333 0.683333 0.015278 0.077778
1 0.048264 0.691667 0.011806 0.063889
1 0.092361 0.701389 0.018056 0.058333
1 0.062153 0.69375 0.011806 0.054167
1 0.220833 0.7125 0.013889 0.058333
1 0.252083 0.729167 0.009722 0.052778
1 0.267014 0.747222 0.009028 0.05
2 0.327431 0.671528 0.040972 0.090278
1 0.351736 0.785417 0.009028 0.0375
1 0.360069 0.788889 0.00625 0.041667
1 0.505903 0.776389 0.009028 0.041667
1 0.527778 0.784722 0.006944 0.038889
1 0.614931 0.79375 0.009028 0.034722
1 0.607292 0.795833 0.00625 0.036111
1 0.601389 0.794444 0.005556 0.033333
1 0.597222 0.798611 0.006944 0.038889
