3 0.380903 0.270833 0.584028 0.541666
3 0.372917 0.666667 0.158333 0.080556
3 0.578819 0.723611 0.120139 0.069444
3 0.144444 0.703472 0.094444 0.054167
3 0.325694 0.814583 0.154167 0.045833
1 0.084722 0.70625 0.0125 0.054167
1 0.140972 0.664583 0.019444 0.056944
1 0.085764 0.765278 0.013194 0.05
1 0.172222 0.752778 0.0125 0.047222
1 0.186458 0.765278 0.010417 0.041667
1 0.196181 0.772222 0.009028 0.047222
1 0.256597 0.731944 0.014583 0.047222
1 0.354167 0.710417 0.008333 0.040278
1 0.447222 0.822222 0.005556 0.038889
1 0.452778 0.819444 0.005556 0.036111
1 0.456597 0.81875 0.00625 0.0375
1 0.463542 0.813889 0.007639 0.036111
1 0.481597 0.899306 0.00625 0.029167
1 0.735069 0.611806 0.011806 0.059722
1 0.746875 0.595833 0.015972 0.066667
1 0.757292 0.600694 0.01875 0.059722
