3 0.387153 0.272222 0.557639 0.544444
3 0.160417 0.70625 0.115278 0.084722
1 0.142014 0.5875 0.014583 0.066667
1 0.132292 0.602083 0.014583 0.0625
1 0.065972 0.683333 0.013889 0.058333
1 0.093056 0.705556 0.0125 0.055556
1 0.106944 0.763889 0.011111 0.05
1 0.193056 0.767361 0.011111 0.040278
1 0.202083 0.773611 0.009722 0.047222
1 0.269097 0.786806 0.007639 0.034722
1 0.294792 0.767361 0.011806 0.043056
6 0.348264 0.690972 0.01875 0.023611
2 0.326736 0.764583 0.059028 0.129167
2 0.25 0.740972 0.061111 0.106944
3 0.384722 0.663889 0.176389 0.088889
1 0.487153 0.620139 0.011806 0.068056
1 0.4875 0.900694 0.004167 0.026389
1 0.470486 0.821528 0.00625 0.034722
1 0.464236 0.820833 0.00625 0.036111
1 0.457986 0.821528 0.003472 0.034722
1 0.454167 0.822222 0.005556 0.036111
3 0.610069 0.728472 0.096528 0.068056
1 0.742014 0.618056 0.014583 0.063889
1 0.759375 0.613194 0.015972 0.065278
1 0.948264 0.684722 0.022917 0.061111
