3 0.872222 0.465972 0.255556 0.3375
3 0.452431 0.276389 0.403472 0.366667
3 0.065972 0.565972 0.130556 0.148611
3 0.411806 0.784722 0.259722 0.091667
1 0.01875 0.449306 0.036111 0.115278
1 0.116319 0.675694 0.022917 0.076389
1 0.142014 0.69375 0.020139 0.081944
1 0.5125 0.720139 0.016667 0.065278
1 0.628472 0.784028 0.009722 0.054167
1 0.69375 0.85625 0.013889 0.043056
1 0.365278 0.259722 0.034722 0.111111
1 0.335764 0.284028 0.039583 0.079167
1 0.5875 0.778472 0.0125 0.054167
1 0.594097 0.775 0.010417 0.055556
1 0.600694 0.772917 0.008333 0.056944
1 0.609375 0.769444 0.009028 0.055556
1 0.626042 0.910417 0.007639 0.034722
1 0.640625 0.920139 0.00625 0.040278
