3 0.376389 0.268056 0.586111 0.536111
3 0.15 0.721528 0.109722 0.073611
3 0.353819 0.821528 0.140972 0.034722
3 0.379167 0.675694 0.161111 0.084722
3 0.586458 0.736111 0.127083 0.066667
1 0.061806 0.699306 0.013889 0.054167
1 0.087153 0.722222 0.015972 0.055556
1 0.094444 0.778472 0.0125 0.051389
1 0.121528 0.638194 0.013889 0.070833
1 0.130208 0.630556 0.015972 0.069444
1 0.188889 0.778472 0.011111 0.040278
3 0.198958 0.786806 0.009028 0.045833
1 0.252431 0.701389 0.011806 0.055556
1 0.243056 0.752083 0.013889 0.045833
1 0.267708 0.795833 0.007639 0.036111
6 0.345139 0.696528 0.023611 0.018056
2 0.328472 0.74375 0.041667 0.073611
2 0.254514 0.807639 0.034028 0.104167
2 0.296528 0.772917 0.040278 0.045833
1 0.452778 0.829861 0.005556 0.0375
1 0.457292 0.823611 0.00625 0.033333
1 0.462847 0.823611 0.007639 0.036111
1 0.469097 0.822222 0.007639 0.038889
1 0.488194 0.902083 0.005556 0.026389
1 0.471181 0.629861 0.014583 0.076389
1 0.742708 0.623611 0.017361 0.063889
1 0.760069 0.613889 0.017361 0.063889
1 0.876736 0.615278 0.022917 0.063889
