1 0.007986 0.621528 0.014583 0.076389
1 0.042708 0.681944 0.01875 0.063889
1 0.053819 0.685417 0.015972 0.065278
1 0.083333 0.69375 0.022222 0.068056
1 0.139583 0.682639 0.016667 0.068056
1 0.261458 0.605556 0.013194 0.069444
1 0.269097 0.6 0.014583 0.072222
1 0.244097 0.747917 0.009028 0.054167
1 0.257292 0.750694 0.009028 0.054167
1 0.270833 0.801389 0.009722 0.052778
1 0.342361 0.795139 0.008333 0.043056
1 0.351736 0.803472 0.009028 0.043056
6 0.478125 0.695139 0.017361 0.018056
3 0.30625 0.745139 0.081944 0.0375
1 0.394444 0.704861 0.011111 0.043056
1 0.444097 0.789583 0.007639 0.040278
1 0.450347 0.821528 0.007639 0.040278
1 0.510764 0.673611 0.149306 0.102778
2 0.469444 0.735417 0.027778 0.065278
2 0.421875 0.779167 0.064583 0.102778
1 0.610069 0.813889 0.007639 0.033333
1 0.601736 0.815278 0.007639 0.033333
1 0.596181 0.816667 0.007639 0.033333
1 0.592014 0.820833 0.007639 0.033333
1 0.611111 0.611806 0.016667 0.070833
1 0.905208 0.55 0.022917 0.069444
1 0.929861 0.5375 0.026389 0.069444
3 0.515278 0.256944 0.552778 0.513888
5 0.067361 0.729861 0.058333 0.106944
3 0.507292 0.820833 0.08125 0.044444
3 0.745833 0.698611 0.113889 0.047222
