3 0.507292 0.245833 0.567361 0.491666
3 0.758681 0.672222 0.096528 0.083333
3 0.514236 0.65 0.153472 0.1
3 0.302083 0.720139 0.0625 0.043056
3 0.489583 0.788194 0.034722 0.045833
1 0.047222 0.663194 0.016667 0.0625
1 0.059722 0.663889 0.0125 0.058333
1 0.089583 0.672222 0.016667 0.061111
5 0.073264 0.709028 0.05625 0.104167
1 0.231597 0.601389 0.013194 0.072222
1 0.3 0.568056 0.013889 0.072222
1 0.315972 0.580556 0.016667 0.061111
1 0.228125 0.701389 0.011806 0.055556
1 0.24375 0.709722 0.011111 0.05
1 0.263542 0.727778 0.007639 0.047222
1 0.277431 0.772917 0.007639 0.043056
1 0.346875 0.765972 0.007639 0.040278
1 0.355556 0.772917 0.006944 0.043056
1 0.474653 0.754167 0.007639 0.038889
1 0.510764 0.76875 0.00625 0.040278
1 0.577431 0.609722 0.01875 0.066667
1 0.608333 0.782639 0.009722 0.034722
1 0.600694 0.784028 0.008333 0.034722
1 0.595486 0.785417 0.00625 0.034722
1 0.591319 0.786806 0.007639 0.0375
1 0.908681 0.528472 0.020139 0.068056
1 0.933333 0.513194 0.025 0.070833
6 0.482292 0.675694 0.015972 0.031944
2 0.444097 0.760417 0.061806 0.106944
2 0.392708 0.815972 0.060417 0.143056
3 0.547569 0.786111 0.057639 0.058333
