1 0.046875 0.661111 0.017361 0.063889
1 0.090278 0.66875 0.018056 0.056944
1 0.059028 0.663889 0.018056 0.063889
1 0.145139 0.589583 0.018056 0.068056
1 0.239236 0.707639 0.010417 0.054167
1 0.248264 0.722917 0.010417 0.043056
1 0.264236 0.725694 0.009028 0.048611
1 0.007292 0.652083 0.013194 0.070833
1 0.277778 0.771528 0.008333 0.045833
1 0.269444 0.581944 0.011111 0.069444
1 0.262153 0.588194 0.010417 0.068056
1 0.347569 0.766667 0.009028 0.038889
1 0.355556 0.770833 0.005556 0.038889
1 0.446181 0.757639 0.007639 0.043056
1 0.507986 0.766667 0.007639 0.038889
1 0.608333 0.782639 0.009722 0.034722
1 0.6 0.783333 0.008333 0.036111
1 0.594444 0.786111 0.006944 0.036111
1 0.589583 0.786806 0.008333 0.0375
1 0.611458 0.591667 0.014583 0.066667
3 0.513889 0.650694 0.15 0.093056
6 0.480208 0.671528 0.017361 0.023611
2 0.464583 0.679861 0.013889 0.048611
2 0.439931 0.713889 0.047917 0.052778
2 0.404514 0.758333 0.034028 0.102778
2 0.323611 0.79375 0.034722 0.0875
3 0.314931 0.71875 0.084028 0.054167
3 0.514236 0.794444 0.099306 0.047222
3 0.752083 0.672917 0.079167 0.065278
1 0.905903 0.528472 0.021528 0.070833
1 0.930903 0.515972 0.025694 0.068056
3 0.511458 0.240278 0.540972 0.480556
