1 0.063542 0.291667 0.035417 0.105556
1 0.035764 0.359722 0.028472 0.052778
1 0.026736 0.399306 0.020139 0.0875
1 0.055556 0.396528 0.026389 0.070833
5 0.3 0.488889 0.069444 0.097222
1 0.296875 0.505556 0.017361 0.041667
1 0.297569 0.520139 0.017361 0.040278
1 0.398264 0.511806 0.01875 0.051389
1 0.397222 0.665278 0.0125 0.052778
1 0.462153 0.6125 0.011806 0.063889
1 0.459722 0.678472 0.008333 0.0625
1 0.464236 0.681944 0.00625 0.052778
1 0.472222 0.691667 0.009722 0.058333
1 0.482986 0.688889 0.00625 0.052778
1 0.489931 0.684028 0.007639 0.051389
1 0.488889 0.698611 0.006944 0.055556
1 0.499306 0.694444 0.008333 0.058333
1 0.515625 0.691667 0.007639 0.055556
1 0.521181 0.702083 0.00625 0.051389
1 0.528472 0.7 0.008333 0.044444
1 0.503819 0.821528 0.010417 0.043056
5 0.547569 0.728472 0.036806 0.084722
1 0.594444 0.672917 0.008333 0.056944
1 0.601736 0.670139 0.010417 0.054167
0 0.177431 0.852778 0.020139 0.022222
0 0.187847 0.850694 0.015972 0.020833
0 0.199306 0.851389 0.022222 0.027778
1 0.688542 0.685417 0.011806 0.048611
1 0.701736 0.690278 0.014583 0.044444
1 0.706944 0.744444 0.011111 0.041667
1 0.790278 0.704167 0.0125 0.047222
1 0.801042 0.710417 0.014583 0.043056
3 0.831597 0.183333 0.336806 0.366666
3 0.746181 0.669444 0.071528 0.058333
3 0.924653 0.702083 0.150694 0.095833
3 0.967014 0.472917 0.065972 0.095833
