3 0.519444 0.31875 0.559722 0.6375
1 0.043403 0.796528 0.015972 0.068056
1 0.055556 0.796528 0.013889 0.0625
3 0.086458 0.802083 0.020139 0.0625
5 0.06875 0.825694 0.061111 0.081944
1 0.232986 0.80625 0.011806 0.0625
1 0.295833 0.754167 0.016667 0.069444
1 0.253472 0.829167 0.011111 0.058333
1 0.263889 0.847917 0.008333 0.048611
1 0.349306 0.88125 0.008333 0.034722
3 0.312847 0.835417 0.08125 0.045833
1 0.376736 0.692361 0.011806 0.073611
1 0.4375 0.710417 0.011111 0.065278
6 0.482639 0.795833 0.018056 0.038889
2 0.467361 0.860417 0.040278 0.081944
2 0.404861 0.855556 0.081944 0.083333
3 0.519444 0.774306 0.152778 0.093056
1 0.500694 0.876389 0.008333 0.044444
1 0.515972 0.882639 0.006944 0.040278
1 0.615972 0.898611 0.006944 0.047222
1 0.608333 0.894444 0.006944 0.036111
1 0.602431 0.897222 0.00625 0.033333
1 0.597222 0.897917 0.006944 0.034722
3 0.770139 0.785417 0.068056 0.068056
1 0.925 0.654167 0.020833 0.072222
1 0.95 0.642361 0.026389 0.070833
2 0.429514 0.951389 0.028472 0.088889
