1 0.005556 0.635417 0.009722 0.054167
1 0.055208 0.629861 0.009028 0.043056
1 0.069792 0.628472 0.00625 0.045833
1 0.078472 0.635417 0.006944 0.056944
1 0.086806 0.63125 0.006944 0.043056
1 0.095486 0.636111 0.007639 0.038889
3 0.165625 0.595139 0.23125 0.109722
3 0.403819 0.56875 0.192361 0.104167
2 0.41875 0.645833 0.026389 0.041667
2 0.369097 0.677083 0.060417 0.090278
2 0.253125 0.759028 0.170139 0.131944
2 0.127778 0.829861 0.094444 0.073611
1 0.718056 0.629861 0.045833 0.254167
1 0.825 0.600694 0.052778 0.2125
