3 0.499306 0.250694 0.580556 0.501388
1 0.098264 0.6125 0.01875 0.066667
1 0.046181 0.68125 0.017361 0.059722
1 0.058681 0.685417 0.014583 0.059722
1 0.088542 0.689583 0.01875 0.0625
1 0.263194 0.605556 0.011111 0.066667
1 0.270486 0.598611 0.011806 0.069444
1 0.214583 0.711111 0.0125 0.058333
1 0.247917 0.74375 0.009722 0.048611
1 0.2625 0.747917 0.008333 0.045833
1 0.275694 0.795139 0.008333 0.043056
1 0.346181 0.789583 0.010417 0.040278
1 0.355208 0.795139 0.00625 0.043056
2 0.382986 0.765278 0.061806 0.127778
6 0.476736 0.7 0.015972 0.038889
2 0.472917 0.748611 0.038889 0.058333
1 0.446875 0.782639 0.00625 0.040278
3 0.511458 0.671528 0.145139 0.090278
1 0.612847 0.610417 0.014583 0.068056
1 0.610764 0.807639 0.009028 0.0375
1 0.601389 0.808333 0.008333 0.036111
1 0.596181 0.810417 0.009028 0.0375
1 0.592361 0.811806 0.008333 0.040278
1 0.504861 0.788889 0.005556 0.033333
3 0.495833 0.813889 0.101389 0.05
3 0.754514 0.690278 0.100694 0.063889
3 0.310417 0.739583 0.080556 0.054167
1 0.910417 0.547222 0.020833 0.066667
1 0.934375 0.532639 0.025694 0.070833
