3 0.123611 0.58125 0.227778 0.156944
3 0.496528 0.770833 0.233333 0.102778
3 0.917014 0.502778 0.165972 0.155556
3 0.53125 0.274306 0.395833 0.409722
1 0.410417 0.3 0.033333 0.083333
1 0.434375 0.270833 0.035417 0.122222
1 0.138889 0.506944 0.026389 0.1
1 0.225694 0.697222 0.018056 0.063889
1 0.246181 0.715278 0.015972 0.069444
1 0.751736 0.85625 0.009028 0.040278
1 0.681597 0.714583 0.015972 0.054167
1 0.711806 0.742361 0.009722 0.056944
1 0.696528 0.745139 0.013889 0.065278
1 0.689583 0.752778 0.008333 0.052778
1 0.681597 0.758333 0.011806 0.052778
1 0.675 0.760417 0.009722 0.056944
