3 0.316667 0.281944 0.513889 0.563888
3 0.040278 0.70625 0.079167 0.0625
3 0.205903 0.813889 0.15625 0.05
3 0.269097 0.672917 0.164583 0.0625
3 0.474653 0.753472 0.111806 0.0625
1 0.050694 0.754861 0.015278 0.045833
1 0.062847 0.763194 0.013194 0.051389
1 0.197569 0.744444 0.010417 0.052778
1 0.232986 0.710417 0.011806 0.045833
1 0.336111 0.830556 0.006944 0.036111
1 0.342708 0.828472 0.00625 0.034722
1 0.347569 0.826389 0.007639 0.036111
1 0.355556 0.827083 0.006944 0.034722
1 0.386458 0.647222 0.011806 0.052778
1 0.613889 0.66875 0.008333 0.056944
1 0.613889 0.696528 0.006944 0.040278
1 0.628819 0.666667 0.009028 0.061111
0 0.982986 0.925694 0.021528 0.015278
0 0.948611 0.928472 0.022222 0.018056
0 0.923264 0.932639 0.015972 0.015278
0 0.905208 0.931944 0.015972 0.011111
0 0.867014 0.936111 0.01875 0.011111
0 0.822569 0.939583 0.010417 0.0125
