1 0.025694 0.365972 0.043056 0.118056
1 0.041319 0.4 0.022917 0.083333
1 0.0375 0.495833 0.045833 0.105556
1 0.072222 0.405556 0.0375 0.113889
1 0.085764 0.526389 0.028472 0.097222
1 0.120139 0.450694 0.030556 0.115278
1 0.119444 0.545139 0.023611 0.0875
1 0.144444 0.545833 0.025 0.088889
1 0.161806 0.540972 0.026389 0.093056
1 0.15 0.070139 0.040278 0.140278
1 0.246875 0.073611 0.052083 0.147222
1 0.1125 0.227083 0.041667 0.156944
1 0.114583 0.273611 0.041667 0.130556
1 0.151736 0.299306 0.040972 0.140278
1 0.460417 0.545833 0.018056 0.088889
1 0.484028 0.564583 0.016667 0.090278
1 0.494792 0.584028 0.013194 0.0875
1 0.514931 0.579861 0.013194 0.084722
1 0.678819 0.624306 0.01875 0.065278
1 0.690972 0.633333 0.011111 0.069444
3 0.59375 0.565972 0.129167 0.109722
3 0.868403 0.7 0.217361 0.088889
1 0.839583 0.208333 0.051389 0.133333
1 0.941667 0.099306 0.052778 0.129167
5 0.231944 0.633333 0.115278 0.177778
