3 0.507986 0.138889 0.414583 0.277778
1 0.010069 0.325 0.015972 0.063889
1 0.027431 0.24375 0.024306 0.056944
1 0.10625 0.315972 0.013889 0.056944
1 0.091667 0.352083 0.008333 0.056944
1 0.098264 0.351389 0.00625 0.055556
1 0.10625 0.359028 0.011111 0.054167
1 0.11875 0.3625 0.009722 0.052778
1 0.126736 0.361806 0.009028 0.056944
1 0.136111 0.371528 0.011111 0.051389
1 0.130556 0.429861 0.011111 0.0375
1 0.157292 0.367361 0.010417 0.045833
1 0.167361 0.371528 0.009722 0.043056
5 0.183333 0.390972 0.029167 0.068056
1 0.199306 0.374306 0.009722 0.043056
1 0.301736 0.399306 0.007639 0.040278
1 0.304167 0.379167 0.006944 0.038889
1 0.310417 0.38125 0.005556 0.0375
1 0.324306 0.3875 0.006944 0.036111
1 0.388194 0.407639 0.005556 0.031944
1 0.396181 0.407639 0.00625 0.034722
1 0.586111 0.406944 0.005556 0.033333
1 0.589583 0.404861 0.004167 0.0375
1 0.59375 0.404167 0.005556 0.038889
1 0.624653 0.445139 0.00625 0.029167
1 0.69375 0.329167 0.009722 0.044444
1 0.719792 0.315278 0.009028 0.058333
1 0.834722 0.273611 0.016667 0.066667
