3 0.287153 0.295139 0.572917 0.590278
3 0.264931 0.671528 0.161806 0.076389
3 0.46875 0.751389 0.108333 0.055556
3 0.206597 0.813194 0.150694 0.043056
3 0.039236 0.704861 0.077083 0.056944
1 0.045486 0.756944 0.015972 0.044444
1 0.057986 0.7625 0.013194 0.052778
1 0.198958 0.745139 0.011806 0.045833
1 0.35625 0.64375 0.019444 0.040278
1 0.230903 0.704861 0.011806 0.029167
1 0.332639 0.836806 0.006944 0.0375
1 0.339236 0.831944 0.007639 0.033333
1 0.344097 0.829167 0.007639 0.036111
1 0.351736 0.830556 0.00625 0.036111
1 0.625347 0.672222 0.009028 0.055556
1 0.611111 0.674306 0.008333 0.051389
1 0.611111 0.706944 0.008333 0.036111
0 0.978125 0.934722 0.017361 0.013889
0 0.942708 0.9375 0.020139 0.013889
0 0.916667 0.940972 0.018056 0.015278
0 0.9 0.939583 0.013889 0.0125
0 0.862153 0.94375 0.015972 0.0125
0 0.829167 0.946528 0.011111 0.009722
0 0.817014 0.946528 0.010417 0.009722
