2 0.421111 0.388889 0.14 0.226667
2 0.591111 0.832223 0.24 0.3
2 0.9 0.82 0.146666 0.359999
2 0.864445 0.494445 0.084445 0.184444
5 0.92 0.061111 0.16 0.122222
1 0.745555 0.076667 0.024444 0.064445
1 0.725555 0.114445 0.024444 0.064445
1 0.763334 0.103333 0.024444 0.064445
1 0.785556 0.094445 0.024444 0.064445
1 0.988889 0.463334 0.022222 0.064445
0 0.066667 0.588889 0.133333 0.088889
3 0.34 0.144444 0.653333 0.288889
3 0.213333 0.427777 0.275555 0.264445
3 0.591111 0.601111 0.471112 0.224444
3 0.687778 0.872222 0.624444 0.255555
3 0.854445 0.236667 0.291111 0.162222
