3 0.371111 0.238889 0.742223 0.46
1 0.921111 0.005555 0.024444 0.011111
1 0.995555 0.015556 0.008889 0.031112
1 0.99 0.027778 0.02 0.055556
1 0.99 0.077778 0.02 0.066667
1 0.968889 0.038889 0.022223 0.077778
1 0.954444 0.074444 0.02 0.073333
1 0.931111 0.084444 0.017777 0.066667
1 0.905555 0.091112 0.02 0.071111
1 0.844444 0.053333 0.031111 0.066667
1 0.875556 0.094444 0.026667 0.082222
1 0.847778 0.097778 0.028889 0.062222
1 0.945555 0.29 0.028889 0.046667
1 0.902223 0.302222 0.022223 0.048888
1 0.934444 0.326667 0.02 0.048888
1 0.915556 0.327777 0.022223 0.051111
1 0.83 0.362222 0.028889 0.057778
3 0.381111 0.594445 0.348888 0.246667
1 0.137778 0.491111 0.017777 0.04
