1 0.953333 0.704444 0.035556 0.088889
1 0.933333 0.366667 0.035556 0.102222
1 0.895555 0.378888 0.03111 0.086667
1 0.727778 0.444444 0.042222 0.088889
1 0.652223 0.361112 0.05111 0.095555
1 0.538889 0.307777 0.033334 0.1
1 0.091112 0.186667 0.04 0.071111
1 0.187778 0.547778 0.037778 0.091111
1 0.078888 0.538889 0.037778 0.1
1 0.202223 0.617778 0.04 0.088889
1 0.164444 0.617778 0.035556 0.084445
1 0.133334 0.614444 0.035556 0.095555
3 0.605555 0.511111 0.788889 0.368889
3 0.846667 0.132223 0.306667 0.264445
