3 0.358889 0.465555 0.464445 0.62
0 0.046667 0.303333 0.093333 0.193334
0 0.937778 0.264444 0.124444 0.151112
5 0.973333 0.161112 0.053333 0.166667
5 0.961111 0.048889 0.077777 0.097778
1 0.945556 0.032222 0.051111 0.064444
1 0.975555 0.046666 0.048889 0.093333
1 0.845555 0.053333 0.051111 0.106666
1 0.756667 0.058889 0.051111 0.117778
1 0.741111 0.103333 0.051111 0.117778
1 0.674444 0.141111 0.051111 0.117778
1 0.721112 0.183334 0.051111 0.117778
1 0.674444 0.056666 0.051111 0.113333
1 0.65 0.089999 0.051111 0.117778
1 0.661112 0.021111 0.051111 0.042222
1 0.721112 0.031111 0.051111 0.062222
1 0.503334 0.021111 0.055556 0.042223
1 0.525555 0.054444 0.055556 0.095556
1 0.474445 0.070001 0.055556 0.095556
1 0.45 0.061111 0.055556 0.095556
1 0.421111 0.044444 0.055556 0.088889
1 0.390001 0.065556 0.055556 0.095556
1 0.352222 0.072222 0.055556 0.095556
1 0.298889 0.047778 0.055556 0.095555
1 0.278888 0.01 0.055556 0.020001
1 0.252222 0.038889 0.055556 0.077778
1 0.196667 0.043333 0.055556 0.086667
1 0.15 0.046667 0.055556 0.093333
1 0.112222 0.063334 0.055556 0.095556
1 0.01 0.027778 0.02 0.055556
1 0.016667 0.066667 0.033334 0.12
1 0.997778 0.453333 0.004444 0.088889
1 0.985555 0.468889 0.028889 0.088889
