5 0.073333 0.726666 0.146666 0.328889
5 0.134444 0.038889 0.268889 0.077777
4 0.564445 0.766667 0.391111 0.222223
3 0.3 0.759999 0.186667 0.28
1 0.29 0.601111 0.042222 0.055555
1 0.394445 0.574444 0.042222 0.055555
1 0.561111 0.436667 0.042222 0.055555
1 0.585556 0.414445 0.042222 0.055555
1 0.73 0.434445 0.042222 0.055555
1 0.721112 0.472222 0.042222 0.055555
1 0.857778 0.291111 0.031111 0.035555
1 0.867778 0.313333 0.042222 0.04
1 0.288889 0.141111 0.048889 0.051111
3 0.648889 0.21 0.342222 0.331112
3 0.245556 0.333334 0.491111 0.302222
3 0.898889 0.58 0.202222 0.457778
