1 0.008888 0.555556 0.017777 0.093333
1 0.036666 0.551111 0.02 0.084445
1 0.05889 0.543334 0.024445 0.082222
1 0.055556 0.566666 0.022221 0.08889
1 0.08889 0.559999 0.026666 0.093333
1 0.141111 0.555556 0.024445 0.08889
1 0.15889 0.572222 0.02 0.082222
1 0.182222 0.568889 0.026666 0.07111
1 0.103332 0.763334 0.033334 0.06889
5 0.243332 0.614444 0.117779 0.135555
1 0.393332 0.525556 0.026666 0.09111
1 0.416666 0.521111 0.033334 0.086667
1 0.694446 0.545556 0.037779 0.077778
1 0.736666 0.553334 0.046666 0.07111
1 0.753332 0.639999 0.035555 0.066667
3 0.87889 0.519999 0.22889 0.093333
