1 0.056666 0.398889 0.073334 0.117778
1 0.402221 0.352222 0.07111 0.113333
1 0.35889 0.477778 0.042221 0.11111
1 0.374445 0.487778 0.037779 0.104445
1 0.405555 0.517778 0.055555 0.106667
1 0.46 0.517778 0.044445 0.102222
1 0.492221 0.511111 0.046666 0.093333
1 0.482221 0.533334 0.035555 0.097778
1 0.527779 0.539999 0.037779 0.097778
1 0.546666 0.553334 0.04 0.093333
1 0.526666 0.779999 0.04 0.07111
1 0.616666 0.564444 0.02889 0.097778
1 0.646666 0.566666 0.04 0.084445
1 0.767779 0.583334 0.033334 0.082222
5 0.703334 0.629999 0.13111 0.166667
1 0.082221 0.067778 0.093334 0.1
