3 0.544444 0.312222 0.911112 0.624444
1 0.067777 0.894444 0.037779 0.1
1 0.268888 0.811112 0.053334 0.11111
1 0.133333 0.931112 0.035555 0.093333
1 0.166667 0.961111 0.026666 0.077777
1 0.440001 0.993333 0.026666 0.013333
3 0.323333 0.941112 0.26 0.073333
1 0.527777 0.712222 0.037779 0.117778
1 0.722222 0.741112 0.035555 0.104445
6 0.866667 0.877777 0.057779 0.062222
2 0.817777 0.957778 0.12889 0.084444
2 0.617777 0.953334 0.262221 0.093332
3 0.869999 0.843334 0.260002 0.14889
1 0.924443 0.985556 0.026666 0.028888
1 0.973333 0.992222 0.022221 0.015556
