3 0.5 0.235555 1.0 0.471111
3 0.825556 0.724444 0.348889 0.16
3 0.217777 0.836667 0.2 0.06889
3 0.817777 0.945555 0.11111 0.073333
1 0.006666 0.646667 0.013332 0.115555
1 0.211111 0.593334 0.044445 0.115555
1 0.262222 0.613334 0.053334 0.097778
1 0.031111 0.82 0.035555 0.08
1 0.094446 0.848889 0.024445 0.075555
1 0.13889 0.921112 0.024445 0.06889
1 0.361111 0.91 0.024445 0.064445
1 0.38889 0.921112 0.022221 0.06889
1 0.770001 0.891112 0.024445 0.062222
1 0.885556 0.914444 0.02 0.064445
6 0.794446 0.765555 0.05111 0.05111
2 0.672222 0.901112 0.197779 0.17111
2 0.507777 0.937777 0.193334 0.124445
3 0.955555 0.942222 0.08889 0.093333
