3 0.5 0.182222 1.0 0.364444
1 0.157777 0.586667 0.04889 0.097778
6 0.166667 0.674445 0.044445 0.046667
2 0.088887 0.761112 0.133334 0.113333
2 0.078889 0.91 0.157777 0.18
3 0.274446 0.635555 0.495555 0.155555
1 0.201111 0.808889 0.033334 0.062222
1 0.262222 0.832222 0.026666 0.064445
1 0.578887 0.852222 0.024445 0.055555
1 0.550001 0.854445 0.02889 0.055555
1 0.536667 0.857777 0.02 0.053333
1 0.518887 0.857777 0.02889 0.057778
3 0.232222 0.884445 0.113334 0.057778
3 0.972221 0.661112 0.055557 0.122222
