1 0.017778 0.524444 0.03111 0.08
1 0.046667 0.521111 0.022221 0.077778
1 0.062223 0.529999 0.017779 0.06889
1 0.088888 0.518889 0.022221 0.06
1 0.119999 0.515556 0.03111 0.07111
1 0.248888 0.511111 0.03111 0.066667
5 0.189999 0.528889 0.1 0.106667
1 0.572223 0.509999 0.02 0.06889
1 0.593333 0.494444 0.022221 0.064445
1 0.652223 0.493334 0.02889 0.062222
1 0.856667 0.498889 0.015555 0.05111
1 0.879999 0.498889 0.017779 0.05111
3 0.341111 0.284444 0.682223 0.253333
3 0.874444 0.254444 0.251112 0.22889
3 0.856667 0.409999 0.144445 0.082222
