1 0.070001 0.796667 0.024445 0.06889
1 0.267777 0.811112 0.024445 0.062222
1 0.588888 0.836667 0.03111 0.055555
1 0.562222 0.837777 0.026666 0.057778
1 0.544443 0.842222 0.022221 0.057778
1 0.528888 0.843334 0.026666 0.06
1 0.598888 0.531112 0.046666 0.106667
3 0.286667 0.625555 0.48 0.14889
6 0.178888 0.658889 0.055555 0.037778
2 0.128888 0.672222 0.044445 0.077778
2 0.063334 0.726667 0.126669 0.084445
3 0.287777 0.855555 0.317779 0.075555
3 0.96111 0.661112 0.077779 0.104445
3 0.5 0.176667 1.0 0.353334
