5 0.016667 0.182222 0.033334 0.23111
1 0.284445 0.292222 0.07111 0.086667
1 0.237779 0.57 0.04889 0.09111
1 0.507779 0.512222 0.064445 0.104445
1 0.467779 0.621112 0.033334 0.104445
1 0.50889 0.651112 0.04 0.097778
1 0.546666 0.648889 0.03111 0.08
1 0.572221 0.646667 0.02889 0.08
1 0.562221 0.666667 0.03111 0.08
1 0.603334 0.668889 0.024445 0.075555
1 0.623334 0.677777 0.024445 0.075555
1 0.694445 0.688889 0.024445 0.075555
1 0.67 0.68 0.024445 0.075555
1 0.812221 0.693334 0.033334 0.08
1 0.584445 0.873334 0.035555 0.062222
5 0.752221 0.735555 0.10889 0.137778
