1 0.032222 0.394444 0.064444 0.104445
1 0.002223 0.511112 0.004445 0.102222
1 0.007779 0.522222 0.015557 0.097778
1 0.032223 0.551112 0.042221 0.106667
1 0.072223 0.546667 0.042221 0.097778
1 0.105554 0.546667 0.042221 0.097778
1 0.085554 0.566667 0.042221 0.097778
1 0.134444 0.567777 0.037779 0.104445
1 0.149999 0.582222 0.037779 0.08889
1 0.212223 0.593334 0.037779 0.08889
1 0.242223 0.595555 0.04 0.084445
1 0.356668 0.613334 0.033334 0.08889
5 0.296668 0.654444 0.13111 0.153333
1 0.117778 0.801112 0.035555 0.06889
1 0.731113 0.693334 0.03111 0.075555
1 0.744444 0.645555 0.03111 0.077778
1 0.762223 0.646667 0.03111 0.084445
1 0.817778 0.662222 0.03111 0.075555
3 0.917778 0.646667 0.164444 0.093333
