3 0.866668 0.494444 0.266665 0.122222
1 0.006667 0.476666 0.013334 0.113333
1 0.016667 0.348889 0.033334 0.08889
1 0.125556 0.366666 0.046666 0.106667
5 0.221111 0.308889 0.242221 0.164445
1 0.435556 0.573334 0.057779 0.142222
1 0.571111 0.446666 0.057779 0.102222
1 0.617777 0.438889 0.044445 0.104445
1 0.664446 0.428889 0.044445 0.08889
1 0.705556 0.438889 0.046666 0.095555
1 0.915556 0.745556 0.066666 0.162222
1 0.972222 0.703334 0.055556 0.117778
1 0.981112 0.808889 0.037777 0.16
1 0.987777 0.903334 0.024446 0.162222
