5 0.180031 0.857026 0.356918 0.285948
1 0.302673 0.784314 0.029874 0.075163
1 0.243711 0.787582 0.034591 0.075163
1 0.520440 0.931373 0.034591 0.078431
1 0.358491 0.398693 0.028302 0.075163
1 0.071541 0.417484 0.026730 0.070261
1 0.472484 0.321078 0.023585 0.044118
1 0.514937 0.340686 0.026730 0.057190
1 0.577830 0.342320 0.026730 0.057190
1 0.810535 0.419118 0.026730 0.057190
1 0.841981 0.419118 0.026730 0.057190
3 0.257862 0.359477 0.474843 0.111111
3 0.123428 0.657680 0.218553 0.282680
3 0.602201 0.482026 0.298742 0.209150
3 0.137579 0.207516 0.146226 0.196078
3 0.744497 0.242647 0.278302 0.233660
