3 0.496063 0.696104 0.986877 0.607792
1 0.648294 0.540260 0.031496 0.093506
1 0.761155 0.589610 0.036745 0.103896
1 0.713911 0.670130 0.036745 0.103896
1 0.687664 0.683117 0.036745 0.103896
1 0.650919 0.698701 0.036745 0.103896
1 0.606299 0.716883 0.036745 0.103896
1 0.580052 0.732468 0.036745 0.103896
1 0.540682 0.722078 0.036745 0.103896
1 0.496063 0.722078 0.036745 0.103896
1 0.160105 0.561039 0.031496 0.088312
1 0.343832 0.418182 0.026247 0.077922
1 0.368766 0.431169 0.028871 0.067532
1 0.543307 0.527273 0.036745 0.083117
