3 0.435170 0.527125 0.338736 0.504521
0 0.170178 0.659132 0.142626 0.157324
0 0.081037 0.558770 0.116694 0.115732
0 0.027553 0.458409 0.051864 0.117541
0 0.905997 0.690778 0.188006 0.122966
5 0.931929 0.774864 0.136143 0.135624
5 0.923015 0.909584 0.153971 0.166365
1 0.863047 0.901447 0.037277 0.095841
1 0.885737 0.877939 0.037277 0.095841
1 0.790113 0.867089 0.037277 0.095841
1 0.725284 0.858047 0.037277 0.095841
1 0.713938 0.821881 0.037277 0.095841
1 0.665316 0.791139 0.037277 0.095841
1 0.699352 0.756781 0.037277 0.095841
1 0.665316 0.861664 0.037277 0.095841
1 0.647488 0.832731 0.037277 0.095841
1 0.655592 0.919530 0.037277 0.095841
1 0.699352 0.903255 0.037277 0.095841
1 0.594003 0.961121 0.040519 0.077758
1 0.537277 0.961121 0.040519 0.077758
1 0.504862 0.961121 0.040519 0.077758
1 0.540519 0.910488 0.040519 0.077758
1 0.556726 0.861664 0.040519 0.077758
1 0.519449 0.849005 0.040519 0.077758
1 0.501621 0.856239 0.040519 0.077758
1 0.480551 0.872514 0.040519 0.077758
1 0.457861 0.852622 0.040519 0.077758
1 0.430308 0.847197 0.040519 0.077758
1 0.391410 0.867089 0.040519 0.077758
1 0.376823 0.928571 0.040519 0.077758
1 0.303890 0.948463 0.040519 0.077758
1 0.261750 0.961121 0.040519 0.077758
1 0.357374 0.881555 0.040519 0.077758
1 0.316856 0.874322 0.040519 0.077758
1 0.282820 0.868897 0.040519 0.077758
1 0.255267 0.854430 0.040519 0.077758
1 0.224473 0.951175 0.040519 0.097649
1 0.188817 0.947559 0.040519 0.097649
1 0.151540 0.951175 0.040519 0.097649
1 0.120746 0.938517 0.040519 0.097649
1 0.167747 0.909584 0.040519 0.097649
1 0.177472 0.851718 0.040519 0.097649
1 0.156402 0.815552 0.040519 0.097649
1 0.054295 0.924051 0.040519 0.097649
1 0.021070 0.951175 0.038898 0.097649
1 0.021070 0.770344 0.038898 0.097649
1 0.989465 0.576854 0.021070 0.072333
1 0.976499 0.562387 0.021070 0.072333
1 0.961912 0.553345 0.021070 0.072333
1 0.945705 0.558770 0.021070 0.072333
1 0.929498 0.544304 0.021070 0.072333
1 0.910049 0.537071 0.021070 0.072333
1 0.892220 0.524412 0.021070 0.072333
