0 0.919062 0.389845 0.062027 0.036145
5 0.043873 0.205680 0.057489 0.108434
5 0.048411 0.111015 0.045386 0.094664
5 0.072617 0.053356 0.039334 0.072289
5 0.057489 0.026678 0.045386 0.049914
0 0.108926 0.113597 0.033283 0.072289
0 0.111195 0.022375 0.022693 0.041308
0 0.570348 0.013769 0.045386 0.024096
0 0.642965 0.018933 0.045386 0.030981
3 0.369894 0.801205 0.685325 0.363167
3 0.472012 0.422547 0.396369 0.569707
3 0.087746 0.524957 0.130106 0.492255
2 0.585477 0.265060 0.142209 0.237522
3 0.926626 0.803787 0.146747 0.347676
5 0.636157 0.060241 0.034796 0.044750
