2 0.425000 0.614407 0.136957 0.216102
2 0.591304 0.191737 0.234783 0.286017
2 0.893478 0.188559 0.143478 0.372881
2 0.858696 0.513771 0.082609 0.175847
5 0.917391 0.933263 0.165217 0.129237
1 0.742391 0.912076 0.023913 0.061441
1 0.722826 0.876059 0.023913 0.061441
1 0.759783 0.886653 0.023913 0.061441
1 0.781522 0.895127 0.023913 0.061441
1 0.981522 0.543432 0.023913 0.061441
0 0.072826 0.423729 0.141304 0.084746
3 0.345652 0.854873 0.639130 0.290254
3 0.221739 0.577331 0.269565 0.252119
3 0.591304 0.412076 0.460870 0.213983
3 0.685870 0.138771 0.610870 0.273305
3 0.853261 0.759534 0.293478 0.154661
