3 0.534853 0.482094 0.769437 0.958678
1 0.380697 0.668044 0.042895 0.101928
1 0.428954 0.679063 0.042895 0.101928
1 0.576408 0.714876 0.042895 0.101928
1 0.613941 0.750689 0.042895 0.101928
1 0.579088 0.880165 0.042895 0.101928
1 0.552279 0.902204 0.042895 0.101928
1 0.635389 0.871901 0.042895 0.101928
1 0.710456 0.915978 0.042895 0.101928
1 0.798928 0.949036 0.042895 0.101928
1 0.522788 0.874656 0.042895 0.101928
1 0.270777 0.761708 0.042895 0.101928
1 0.310992 0.745179 0.042895 0.101928
1 0.415550 0.811295 0.042895 0.101928
1 0.466488 0.822314 0.042895 0.101928
1 0.356568 0.789256 0.042895 0.101928
1 0.093834 0.247934 0.042895 0.104683
1 0.072386 0.176309 0.042895 0.104683
1 0.022788 0.148760 0.040214 0.104683
1 0.037534 0.242424 0.042895 0.104683
1 0.012064 0.254821 0.018767 0.101928
