5 0.138833 0.852732 0.273642 0.294537
5 0.157948 0.071259 0.311871 0.137767
1 0.033199 0.298100 0.038229 0.049881
1 0.020121 0.298100 0.036217 0.049881
1 0.433602 0.691211 0.042254 0.057007
1 0.580483 0.532067 0.042254 0.057007
1 0.600604 0.513064 0.042254 0.057007
1 0.847082 0.383610 0.040241 0.040380
1 0.845070 0.362233 0.040241 0.040380
1 0.729376 0.532067 0.042254 0.042755
1 0.886318 0.809976 0.042254 0.042755
1 0.880282 0.738717 0.042254 0.042755
4 0.598592 0.863420 0.315895 0.230404
3 0.544266 0.305226 0.388330 0.296912
3 0.352113 0.674584 0.257545 0.313539
3 0.831992 0.597387 0.263581 0.287411
