5 0.198394 0.956161 0.300459 0.087678
5 0.613532 0.883886 0.268349 0.175355
0 0.811927 0.873223 0.133028 0.087678
0 0.832569 0.816351 0.133028 0.087678
0 0.834862 0.760664 0.105505 0.071090
0 0.700688 0.764218 0.162844 0.078199
0 0.674312 0.811611 0.128440 0.092417
0 0.568807 0.707346 0.128440 0.092417
0 0.669725 0.674171 0.128440 0.092417
0 0.713303 0.612559 0.128440 0.092417
0 0.669725 0.547393 0.137615 0.099526
0 0.931193 0.573460 0.137615 0.099526
5 0.807339 0.355450 0.385321 0.156398
5 0.639908 0.097156 0.229358 0.189573
5 0.852064 0.137441 0.282110 0.270142
0 0.699541 0.214455 0.146789 0.092417
1 0.316514 0.815166 0.022936 0.071090
1 0.266055 0.789100 0.022936 0.056872
1 0.237385 0.821090 0.029817 0.049763
1 0.216743 0.780806 0.025229 0.059242
1 0.221330 0.722749 0.029817 0.056872
1 0.470183 0.440758 0.022936 0.056872
1 0.447248 0.443128 0.022936 0.056872
2 0.096330 0.232227 0.133028 0.327014
3 0.431193 0.258294 0.541284 0.227488
3 0.174312 0.586493 0.298165 0.215640
3 0.100917 0.824645 0.183486 0.279621
3 0.439220 0.904028 0.204128 0.191943
0 0.915138 0.656398 0.073394 0.066351
1 0.582569 0.522512 0.022936 0.059242
