1 0.321747 0.914934 0.048128 0.090737
1 0.459002 0.788280 0.030303 0.098299
1 0.422460 0.875236 0.042781 0.071834
1 0.491087 0.711720 0.030303 0.054820
1 0.738859 0.649338 0.037433 0.092628
1 0.837790 0.621928 0.035651 0.083176
1 0.869875 0.623819 0.046346 0.086957
1 0.908200 0.618147 0.037433 0.090737
1 0.920677 0.697543 0.062389 0.056711
1 0.598930 0.651229 0.049911 0.073724
3 0.500000 0.892250 0.996435 0.215501
3 0.598930 0.575614 0.652406 0.413989
1 0.425134 0.827977 0.030303 0.045369
3 0.431373 0.300567 0.541889 0.143667
