5 0.198598 0.792986 0.214953 0.414027
1 0.068925 0.802036 0.035047 0.070136
1 0.132009 0.826923 0.035047 0.070136
1 0.139019 0.858597 0.035047 0.070136
1 0.064252 0.863122 0.035047 0.070136
1 0.082944 0.930995 0.035047 0.070136
1 0.043224 0.953620 0.035047 0.070136
1 0.029206 0.937783 0.035047 0.070136
1 0.064252 0.908371 0.035047 0.070136
1 0.022196 0.840498 0.035047 0.070136
1 0.595794 0.332579 0.028037 0.067873
1 0.417056 0.229638 0.035047 0.061086
1 0.517523 0.239819 0.025701 0.067873
1 0.365654 0.213801 0.025701 0.056561
1 0.500000 0.131222 0.028037 0.067873
1 0.608645 0.148190 0.035047 0.070136
1 0.573598 0.150452 0.035047 0.070136
3 0.237150 0.171946 0.408879 0.271493
3 0.672897 0.748869 0.654206 0.488688
3 0.177570 0.461538 0.350467 0.235294
3 0.809579 0.251131 0.254673 0.162896
