5 0.243935 0.855346 0.471698 0.226415
5 0.475741 0.588050 0.126685 0.320755
5 0.354447 0.460692 0.142857 0.242138
5 0.574124 0.220126 0.328841 0.245283
5 0.876011 0.399371 0.118598 0.182390
5 0.734501 0.342767 0.272237 0.207547
0 0.955526 0.418239 0.088949 0.088050
1 0.979784 0.328616 0.029650 0.059748
1 0.692722 0.105346 0.016173 0.053459
1 0.677898 0.103774 0.018868 0.056604
1 0.424528 0.088050 0.029650 0.056604
1 0.326146 0.059748 0.026954 0.056604
1 0.311321 0.031447 0.018868 0.056604
1 0.578167 0.970126 0.035040 0.059748
1 0.429919 0.822327 0.029650 0.078616
1 0.376011 0.809748 0.035040 0.078616
1 0.264151 0.671384 0.026954 0.066038
1 0.246631 0.666667 0.018868 0.050314
5 0.160377 0.688679 0.315364 0.201258
3 0.215633 0.776730 0.425876 0.446541
3 0.308625 0.301887 0.568733 0.459119
3 0.726415 0.677673 0.547170 0.632075
3 0.892183 0.143082 0.215633 0.279874
5 0.606469 0.042453 0.150943 0.078616
