5 0.302521 0.308540 0.197479 0.126722
1 0.329832 0.223140 0.021008 0.060606
1 0.306723 0.230028 0.021008 0.046832
1 0.191176 0.264463 0.021008 0.049587
1 0.203782 0.272727 0.016807 0.049587
1 0.069328 0.816804 0.016807 0.052342
1 0.040966 0.863636 0.018908 0.057851
1 0.106092 0.809917 0.014706 0.066116
1 0.116597 0.809917 0.014706 0.066116
1 0.080882 0.862259 0.010504 0.044077
0 0.402311 0.194215 0.128151 0.107438
0 0.701681 0.148760 0.071429 0.060606
0 0.858193 0.936639 0.161765 0.099174
3 0.355042 0.095041 0.336134 0.184573
2 0.452731 0.320937 0.086134 0.107438
3 0.071429 0.513774 0.138655 0.438017
3 0.203782 0.621212 0.126050 0.460055
3 0.317227 0.763085 0.100840 0.473829
3 0.215336 0.926997 0.102941 0.146006
3 0.432773 0.814050 0.130252 0.371901
3 0.575630 0.862259 0.155462 0.275482
3 0.826681 0.906336 0.346639 0.187328
3 0.934874 0.622590 0.130252 0.380165
3 0.809874 0.501377 0.128151 0.363636
3 0.683824 0.442149 0.119748 0.355372
3 0.559874 0.387052 0.128151 0.355372
3 0.456933 0.353994 0.077731 0.245179
3 0.356092 0.348485 0.128151 0.129477
