1 0.651515 0.941096 0.030303 0.095890
1 0.677489 0.946575 0.030303 0.095890
1 0.757576 0.784932 0.030303 0.095890
1 0.744589 0.776712 0.030303 0.095890
1 0.733766 0.763014 0.030303 0.095890
1 0.857143 0.738356 0.030303 0.095890
1 0.880952 0.730137 0.030303 0.095890
1 0.902597 0.730137 0.030303 0.095890
1 0.924242 0.626027 0.030303 0.095890
1 0.958874 0.631507 0.030303 0.095890
1 0.950216 0.563014 0.030303 0.095890
3 0.773810 0.383562 0.227273 0.350685
3 0.213203 0.338356 0.422078 0.424658
3 0.585498 0.761644 0.266234 0.257534
