3 0.505822 0.488390 0.988355 0.500000
1 0.647744 0.030960 0.032023 0.058824
1 0.681951 0.032508 0.036390 0.061920
1 0.668122 0.123065 0.032023 0.051084
1 0.703057 0.126935 0.023290 0.046440
1 0.722707 0.123839 0.027656 0.058824
1 0.753275 0.133127 0.036390 0.043344
1 0.714702 0.082817 0.029112 0.054180
1 0.754731 0.099845 0.027656 0.094427
1 0.810771 0.123065 0.040757 0.066563
1 0.846434 0.133127 0.033479 0.058824
1 0.883552 0.133901 0.040757 0.054180
0 0.894469 0.084365 0.208151 0.140867
0 0.564047 0.116873 0.184862 0.066563
0 0.115721 0.082817 0.228530 0.156347
1 0.901019 0.530960 0.023290 0.049536
1 0.882096 0.527864 0.017467 0.037152
