6 0.326761 0.564789 0.371831 0.126761
6 0.700000 0.539437 0.183099 0.149296
2 0.504225 0.267606 0.991549 0.529577
5 0.033803 0.849296 0.061972 0.076056
5 0.136620 0.960563 0.138028 0.078873
5 0.149296 0.914085 0.078873 0.059155
5 0.040845 0.780282 0.076056 0.061972
1 0.805634 0.885915 0.022535 0.047887
1 0.825352 0.885915 0.022535 0.047887
1 0.836620 0.790141 0.022535 0.047887
1 0.881690 0.829577 0.022535 0.047887
1 0.909859 0.857746 0.022535 0.047887
1 0.901408 0.905634 0.022535 0.047887
1 0.915493 0.902817 0.022535 0.047887
1 0.933803 0.888732 0.019718 0.053521
