0 0.079422 0.983221 0.050542 0.033557
0 0.068592 0.957494 0.054152 0.031320
0 0.064982 0.945190 0.046931 0.024609
0 0.139892 0.960850 0.048736 0.029083
0 0.128159 0.934004 0.046931 0.029083
0 0.239170 0.942953 0.041516 0.038031
0 0.221119 0.911633 0.041516 0.038031
0 0.675090 0.928412 0.039711 0.026846
0 0.600181 0.861298 0.034296 0.031320
0 0.777978 0.937360 0.025271 0.040268
0 0.822202 0.976510 0.027076 0.033557
5 0.774368 0.647651 0.039711 0.042506
0 0.698556 0.625280 0.028881 0.024609
0 0.976534 0.672260 0.025271 0.033557
2 0.759928 0.482103 0.223827 0.230425
2 0.321300 0.318792 0.638989 0.355705
0 0.632671 0.325503 0.016245 0.015660
0 0.648917 0.331096 0.016245 0.013423
0 0.673285 0.333333 0.018051 0.008949
0 0.694043 0.338926 0.019856 0.011186
0 0.738267 0.348993 0.018051 0.013423
0 0.759928 0.353468 0.018051 0.013423
0 0.790614 0.362416 0.028881 0.013423
0 0.836643 0.369128 0.019856 0.017897
0 0.876354 0.379195 0.016245 0.011186
0 0.858303 0.374720 0.023466 0.015660
2 0.073105 0.071588 0.142599 0.138702
