6 0.615453 0.451796 0.119005 0.079395
6 0.444050 0.471645 0.138544 0.047259
2 0.484014 0.544423 0.381883 0.468809
2 0.711368 0.154064 0.371226 0.304348
5 0.127886 0.564272 0.039076 0.066163
5 0.067496 0.725898 0.071048 0.143667
0 0.910302 0.844045 0.026643 0.047259
0 0.938721 0.844045 0.026643 0.047259
0 0.963588 0.845936 0.026643 0.047259
0 0.986679 0.834594 0.026643 0.047259
0 0.846359 0.547259 0.026643 0.047259
0 0.862345 0.545369 0.026643 0.047259
0 0.882771 0.543478 0.021314 0.039698
0 0.895204 0.539698 0.021314 0.039698
0 0.912966 0.535917 0.021314 0.039698
0 0.884547 0.490548 0.031972 0.020794
0 0.912966 0.490548 0.031972 0.020794
0 0.907638 0.473535 0.031972 0.020794
0 0.875666 0.479206 0.031972 0.020794
0 0.870337 0.465974 0.031972 0.020794
0 0.907638 0.460302 0.031972 0.020794
0 0.895204 0.452741 0.031972 0.020794
0 0.865009 0.452741 0.031972 0.020794
0 0.859680 0.441399 0.031972 0.020794
0 0.893428 0.439509 0.031972 0.020794
0 0.884547 0.430057 0.031972 0.020794
0 0.854352 0.433837 0.031972 0.020794
0 0.849023 0.418715 0.031972 0.020794
0 0.880995 0.414934 0.031972 0.020794
0 0.847247 0.411153 0.031972 0.020794
0 0.843694 0.401701 0.031972 0.020794
0 0.870337 0.394140 0.031972 0.020794
0 0.868561 0.382798 0.031972 0.020794
0 0.840142 0.392250 0.031972 0.020794
0 0.836590 0.377127 0.031972 0.020794
0 0.861456 0.365784 0.031972 0.020794
0 0.829485 0.362004 0.031972 0.020794
0 0.820604 0.352552 0.031972 0.020794
0 0.850799 0.320416 0.031972 0.020794
0 0.847247 0.324197 0.031972 0.020794
0 0.934281 0.324197 0.031972 0.020794
0 0.905861 0.346881 0.031972 0.020794
0 0.914742 0.362004 0.031972 0.020794
0 0.937833 0.403592 0.031972 0.020794
0 0.952043 0.424386 0.031972 0.020794
0 0.957371 0.435728 0.031972 0.020794
0 0.966252 0.452741 0.031972 0.020794
0 0.978686 0.465974 0.031972 0.020794
0 0.985790 0.481096 0.031972 0.020794
0 0.960924 0.535917 0.021314 0.039698
0 0.980462 0.532136 0.021314 0.039698
0 0.763766 0.443289 0.031972 0.020794
0 0.795737 0.441399 0.031972 0.020794
0 0.792185 0.430057 0.031972 0.020794
0 0.790409 0.418715 0.031972 0.020794
0 0.761989 0.418715 0.031972 0.020794
0 0.786856 0.407372 0.031972 0.020794
0 0.756661 0.411153 0.031972 0.020794
0 0.754885 0.399811 0.031972 0.020794
0 0.779751 0.390359 0.031972 0.020794
0 0.753108 0.388469 0.031972 0.020794
0 0.776199 0.375236 0.031972 0.020794
0 0.772647 0.363894 0.031972 0.020794
0 0.747780 0.365784 0.031972 0.020794
0 0.746004 0.348771 0.031972 0.020794
0 0.036412 0.457467 0.033748 0.018904
0 0.043517 0.434783 0.033748 0.018904
0 0.061279 0.415879 0.033748 0.018904
0 0.066607 0.410208 0.033748 0.018904
0 0.068384 0.400756 0.033748 0.018904
0 0.089698 0.380907 0.019538 0.028355
0 0.075488 0.380907 0.019538 0.028355
0 0.061279 0.386578 0.019538 0.028355
0 0.048845 0.386578 0.019538 0.028355
0 0.038188 0.382798 0.019538 0.028355
0 0.025755 0.386578 0.019538 0.028355
0 0.015098 0.386578 0.019538 0.028355
0 0.010657 0.386578 0.017762 0.028355
0 0.196270 0.247637 0.015986 0.022684
0 0.219361 0.248582 0.023091 0.017013
0 0.238899 0.248582 0.023091 0.017013
0 0.215808 0.271267 0.023091 0.017013
0 0.247780 0.269376 0.023091 0.017013
0 0.267318 0.265595 0.023091 0.017013
0 0.301066 0.261815 0.023091 0.017013
0 0.290409 0.242911 0.023091 0.017013
0 0.285080 0.239130 0.023091 0.017013
0 0.078153 0.273157 0.028419 0.017013
0 0.065719 0.252363 0.028419 0.017013
0 0.945826 0.189036 0.023091 0.030246
