6 0.064951 0.936887 0.061275 0.056781
6 0.164369 0.905433 0.043811 0.058415
6 0.282169 0.881944 0.025123 0.035131
6 0.618566 0.793096 0.033088 0.043709
6 0.694087 0.774101 0.021752 0.031863
6 0.828125 0.730392 0.018382 0.020425
6 0.988205 0.682190 0.023591 0.049837
6 0.871630 0.420956 0.256740 0.064134
6 0.287071 0.595997 0.045956 0.055556
6 0.591299 0.508987 0.536152 0.170752
6 0.414982 0.438521 0.315257 0.087827
6 0.136029 0.557394 0.271446 0.234886
2 0.534161 0.251634 0.931679 0.502451
2 0.920037 0.588031 0.062500 0.106618
2 0.156250 0.750000 0.143382 0.241013
