3 0.503819 0.243750 0.257639 0.115278
3 0.933333 0.515278 0.133333 0.158333
3 0.537847 0.731250 0.403472 0.412500
1 0.413889 0.701389 0.033333 0.077778
1 0.437847 0.736806 0.034028 0.115278
1 0.144444 0.490972 0.019444 0.104167
1 0.229514 0.300000 0.011806 0.069444
1 0.250694 0.284028 0.015278 0.065278
3 0.116319 0.406944 0.231250 0.141667
1 0.719097 0.273611 0.013194 0.055556
1 0.756597 0.148611 0.006250 0.038889
1 0.709722 0.266667 0.009722 0.055556
1 0.702431 0.256250 0.009028 0.056944
1 0.694444 0.253472 0.009722 0.056944
1 0.686806 0.247917 0.011111 0.056944
1 0.680208 0.242361 0.011806 0.054167
