1 0.004514 0.365278 0.007639 0.050000
1 0.051042 0.370139 0.007639 0.043056
1 0.060764 0.372222 0.006250 0.041667
1 0.068056 0.370139 0.008333 0.051389
1 0.077083 0.370139 0.009722 0.056944
1 0.086458 0.363194 0.009028 0.054167
3 0.169792 0.403472 0.228472 0.101389
3 0.337500 0.425694 0.065278 0.106944
3 0.465625 0.427083 0.070139 0.118056
1 0.408333 0.335417 0.075000 0.301389
2 0.353472 0.311111 0.036111 0.122222
2 0.263542 0.274306 0.065972 0.154167
2 0.113194 0.217361 0.225000 0.165278
1 0.606597 0.361111 0.081250 0.266667
