3 0.519444 0.681250 0.559722 0.637500
1 0.043403 0.203472 0.015972 0.068056
1 0.055556 0.203472 0.013889 0.062500
3 0.086458 0.197917 0.020139 0.062500
5 0.068750 0.174306 0.061111 0.081944
1 0.232986 0.193750 0.011806 0.062500
1 0.295833 0.245833 0.016667 0.069444
1 0.253472 0.170833 0.011111 0.058333
1 0.263889 0.152083 0.008333 0.048611
1 0.349306 0.118750 0.008333 0.034722
3 0.312847 0.164583 0.081250 0.045833
1 0.376736 0.307639 0.011806 0.073611
1 0.437500 0.289583 0.011111 0.065278
6 0.482639 0.204167 0.018056 0.038889
2 0.467361 0.139583 0.040278 0.081944
2 0.404861 0.144444 0.081944 0.083333
3 0.519444 0.225694 0.152778 0.093056
1 0.500694 0.123611 0.008333 0.044444
1 0.515972 0.117361 0.006944 0.040278
1 0.615972 0.101389 0.006944 0.047222
1 0.608333 0.105556 0.006944 0.036111
1 0.602431 0.102778 0.006250 0.033333
1 0.597222 0.102083 0.006944 0.034722
3 0.770139 0.214583 0.068056 0.068056
1 0.925000 0.345833 0.020833 0.072222
1 0.950000 0.357639 0.026389 0.070833
2 0.429514 0.048611 0.028472 0.088889
