3 0.517014 0.744444 0.547917 0.511111
3 0.760069 0.330556 0.085417 0.080556
3 0.514931 0.350694 0.157639 0.101389
3 0.311806 0.272917 0.070833 0.040278
6 0.477778 0.320139 0.020833 0.031944
2 0.465625 0.276389 0.032639 0.050000
2 0.408333 0.252778 0.102778 0.127778
2 0.152778 0.254167 0.100000 0.230556
1 0.009375 0.345833 0.017361 0.066667
1 0.051389 0.332639 0.018056 0.059722
1 0.063542 0.331250 0.014583 0.056944
1 0.094097 0.326389 0.017361 0.061111
1 0.220486 0.397917 0.014583 0.068056
1 0.273958 0.406944 0.010417 0.063889
1 0.282639 0.416667 0.013889 0.069444
1 0.240625 0.287500 0.010417 0.055556
1 0.246528 0.281944 0.009722 0.052778
1 0.265972 0.270139 0.008333 0.051389
1 0.279861 0.221528 0.008333 0.043056
1 0.348958 0.229167 0.009028 0.041667
1 0.358333 0.227083 0.006944 0.043056
1 0.510069 0.227778 0.009028 0.041667
1 0.608681 0.215972 0.007639 0.034722
1 0.600694 0.215278 0.008333 0.036111
1 0.595486 0.213889 0.007639 0.038889
1 0.590278 0.212500 0.009722 0.041667
1 0.612500 0.404861 0.013889 0.070833
1 0.910069 0.468056 0.020139 0.069444
1 0.934028 0.479167 0.025000 0.069444
5 0.076389 0.286806 0.056944 0.090278
