3 0.528819 0.742361 0.585417 0.515278
1 0.927083 0.436806 0.018056 0.073611
1 0.951736 0.445833 0.027083 0.075000
6 0.493056 0.306250 0.022222 0.034722
2 0.493403 0.276389 0.028472 0.050000
3 0.775347 0.311111 0.072917 0.069444
3 0.523611 0.327778 0.159722 0.094444
2 0.426389 0.188194 0.104167 0.176389
2 0.436806 0.052778 0.040278 0.102778
2 0.328125 0.143056 0.092361 0.077778
3 0.507639 0.187500 0.056944 0.041667
1 0.420833 0.404167 0.015278 0.069444
1 0.440972 0.389583 0.012500 0.070833
1 0.298264 0.344444 0.013194 0.066667
1 0.280903 0.206944 0.009028 0.050000
3 0.324306 0.254167 0.088889 0.044444
5 0.076389 0.265972 0.056944 0.098611
1 0.008333 0.316667 0.015278 0.077778
1 0.048264 0.308333 0.011806 0.063889
1 0.092361 0.298611 0.018056 0.058333
1 0.062153 0.306250 0.011806 0.054167
1 0.220833 0.287500 0.013889 0.058333
1 0.252083 0.270833 0.009722 0.052778
1 0.267014 0.252778 0.009028 0.050000
2 0.327431 0.328472 0.040972 0.090278
1 0.351736 0.214583 0.009028 0.037500
1 0.360069 0.211111 0.006250 0.041667
1 0.505903 0.223611 0.009028 0.041667
1 0.527778 0.215278 0.006944 0.038889
1 0.614931 0.206250 0.009028 0.034722
1 0.607292 0.204167 0.006250 0.036111
1 0.601389 0.205556 0.005556 0.033333
1 0.597222 0.201389 0.006944 0.038889
