3 0.553125 0.888194 0.442361 0.223611
3 0.334722 0.543750 0.263889 0.162500
3 0.615625 0.418056 0.120139 0.097222
3 0.273264 0.303472 0.197917 0.043056
3 0.044792 0.434028 0.088194 0.059722
1 0.019444 0.499306 0.018056 0.081944
1 0.119097 0.514583 0.021528 0.090278
1 0.043403 0.384028 0.015972 0.059722
1 0.061458 0.373611 0.013194 0.066667
1 0.249653 0.361806 0.011806 0.054167
1 0.415625 0.300000 0.006250 0.047222
1 0.421875 0.300694 0.006250 0.045833
1 0.428125 0.302778 0.006250 0.041667
1 0.436806 0.302778 0.006944 0.041667
1 0.443750 0.304861 0.006944 0.045833
1 0.456597 0.292361 0.006250 0.043056
1 0.857639 0.578472 0.023611 0.084722
1 0.881597 0.591667 0.027083 0.088889
1 0.628125 0.545139 0.028472 0.073611
