1 0.005556 0.364583 0.009722 0.054167
1 0.055208 0.370139 0.009028 0.043056
1 0.069792 0.371528 0.006250 0.045833
1 0.078472 0.364583 0.006944 0.056944
1 0.086806 0.368750 0.006944 0.043056
1 0.095486 0.363889 0.007639 0.038889
3 0.165625 0.404861 0.231250 0.109722
3 0.403819 0.431250 0.192361 0.104167
2 0.418750 0.354167 0.026389 0.041667
2 0.369097 0.322917 0.060417 0.090278
2 0.253125 0.240972 0.170139 0.131944
2 0.127778 0.170139 0.094444 0.073611
1 0.718056 0.370139 0.045833 0.254167
1 0.825000 0.399306 0.052778 0.212500
