3 0.898264 0.679167 0.203472 0.291667
3 0.492014 0.356944 0.227083 0.088889
1 0.537847 0.421528 0.013194 0.056944
1 0.679167 0.345139 0.011111 0.056944
1 0.694792 0.375694 0.007639 0.048611
1 0.669097 0.390972 0.011806 0.048611
1 0.655208 0.386806 0.010417 0.056944
1 0.649306 0.383333 0.006944 0.050000
1 0.640625 0.384028 0.010417 0.056944
3 0.473264 0.782639 0.324306 0.331944
1 0.396875 0.784722 0.028472 0.088889
1 0.207639 0.620139 0.020833 0.093056
3 0.130903 0.522917 0.210417 0.134722
1 0.153472 0.584722 0.020833 0.088889
1 0.235764 0.429861 0.011806 0.065278
1 0.253819 0.420833 0.010417 0.069444
1 0.127778 0.420833 0.015278 0.069444
1 0.011806 0.547917 0.022222 0.076389
