3 0.387153 0.727778 0.557639 0.544444
3 0.160417 0.293750 0.115278 0.084722
1 0.142014 0.412500 0.014583 0.066667
1 0.132292 0.397917 0.014583 0.062500
1 0.065972 0.316667 0.013889 0.058333
1 0.093056 0.294444 0.012500 0.055556
1 0.106944 0.236111 0.011111 0.050000
1 0.193056 0.232639 0.011111 0.040278
1 0.202083 0.226389 0.009722 0.047222
1 0.269097 0.213194 0.007639 0.034722
1 0.294792 0.232639 0.011806 0.043056
6 0.348264 0.309028 0.018750 0.023611
2 0.326736 0.235417 0.059028 0.129167
2 0.250000 0.259028 0.061111 0.106944
3 0.384722 0.336111 0.176389 0.088889
1 0.487153 0.379861 0.011806 0.068056
1 0.487500 0.099306 0.004167 0.026389
1 0.470486 0.178472 0.006250 0.034722
1 0.464236 0.179167 0.006250 0.036111
1 0.457986 0.178472 0.003472 0.034722
1 0.454167 0.177778 0.005556 0.036111
3 0.610069 0.271528 0.096528 0.068056
1 0.742014 0.381944 0.014583 0.063889
1 0.759375 0.386806 0.015972 0.065278
1 0.948264 0.315278 0.022917 0.061111
