3 0.902431 0.645833 0.195139 0.275000
3 0.484375 0.755556 0.328472 0.308333
1 0.400347 0.768056 0.032639 0.086111
1 0.375347 0.740972 0.024306 0.062500
1 0.136111 0.618750 0.033333 0.090278
1 0.156944 0.575000 0.025000 0.077778
1 0.015625 0.538194 0.029861 0.065278
1 0.132292 0.418056 0.020139 0.066667
1 0.239583 0.425000 0.015278 0.061111
1 0.255903 0.412500 0.013194 0.063889
1 0.535417 0.409722 0.009722 0.058333
1 0.640278 0.371528 0.011111 0.056944
3 0.139236 0.519444 0.213194 0.133333
3 0.488194 0.352083 0.240278 0.062500
1 0.647917 0.372917 0.008333 0.056944
1 0.654861 0.375694 0.011111 0.056944
1 0.666667 0.377778 0.008333 0.055556
1 0.678125 0.332639 0.009028 0.054167
1 0.693750 0.363889 0.008333 0.050000
