3 0.643056 0.914583 0.138889 0.170833
3 0.480208 0.434028 0.181250 0.120833
3 0.210069 0.704167 0.215972 0.216667
3 0.079167 0.730556 0.034722 0.105556
3 0.044792 0.727778 0.034028 0.097222
3 0.014583 0.431250 0.022222 0.076389
1 0.733681 0.567361 0.017361 0.084722
3 0.105903 0.351389 0.204861 0.061111
1 0.243403 0.319444 0.007639 0.052778
1 0.251389 0.320833 0.006944 0.047222
1 0.257292 0.321528 0.006250 0.045833
1 0.285069 0.295139 0.013194 0.037500
1 0.269097 0.318750 0.009028 0.048611
1 0.272917 0.310417 0.008333 0.045833
1 0.753819 0.573611 0.018750 0.083333
1 0.986806 0.259028 0.022222 0.076389
1 0.519444 0.603472 0.030556 0.087500
