3 0.327083 0.690972 0.537500 0.618056
3 0.047569 0.253472 0.093750 0.065278
1 0.076042 0.200000 0.014583 0.044444
1 0.087847 0.193750 0.013194 0.051389
1 0.130556 0.268750 0.013889 0.059722
1 0.142361 0.265972 0.013889 0.056944
1 0.292014 0.290972 0.168750 0.081944
1 0.404861 0.323611 0.016667 0.052778
1 0.354514 0.122917 0.006250 0.043056
1 0.360764 0.125000 0.006250 0.036111
1 0.365972 0.128472 0.006944 0.037500
1 0.373264 0.125000 0.006250 0.036111
3 0.500694 0.207639 0.094444 0.065278
1 0.649653 0.293750 0.009028 0.054167
1 0.634028 0.295833 0.011111 0.058333
1 0.628125 0.281250 0.013194 0.051389
0 0.889236 0.031944 0.022917 0.022222
0 0.869097 0.031944 0.017361 0.013889
0 0.989236 0.016667 0.021528 0.016667
0 0.961111 0.013194 0.019444 0.012500
0 0.941667 0.014583 0.019444 0.012500
0 0.902083 0.011806 0.020833 0.012500
0 0.865625 0.007639 0.010417 0.009722
0 0.853472 0.006944 0.011111 0.011111
