1 0.017708 0.657639 0.018750 0.048611
1 0.086458 0.610417 0.014583 0.051389
1 0.068750 0.583333 0.011111 0.055556
1 0.080903 0.575000 0.010417 0.050000
1 0.094444 0.572917 0.008333 0.045833
1 0.102083 0.574306 0.008333 0.045833
1 0.170139 0.572917 0.008333 0.045833
1 0.140625 0.570833 0.009028 0.041667
1 0.132986 0.569444 0.009028 0.041667
1 0.110764 0.570139 0.009028 0.048611
1 0.096875 0.523611 0.010417 0.036111
5 0.156597 0.554861 0.029861 0.065278
1 0.273958 0.555556 0.007639 0.038889
1 0.277431 0.570833 0.007639 0.038889
1 0.282986 0.562500 0.007639 0.038889
1 0.296181 0.563889 0.007639 0.038889
1 0.357986 0.552778 0.007639 0.038889
1 0.365972 0.547917 0.006944 0.034722
1 0.549306 0.552778 0.004167 0.030556
1 0.553472 0.555556 0.004167 0.030556
1 0.556944 0.554167 0.004167 0.030556
1 0.585764 0.526389 0.004861 0.030556
1 0.653125 0.605556 0.006250 0.036111
1 0.696181 0.616667 0.009028 0.038889
1 0.760417 0.640278 0.006944 0.055556
3 0.204514 0.902778 0.157639 0.194444
3 0.480556 0.722222 0.343056 0.150000
