1 0.007292 0.500694 0.013194 0.048611
1 0.057986 0.477083 0.010417 0.056944
1 0.069444 0.475000 0.009722 0.052778
1 0.075347 0.491667 0.011806 0.055556
1 0.084375 0.477083 0.007639 0.045833
1 0.093750 0.476389 0.009722 0.050000
1 0.102778 0.478472 0.006944 0.048611
1 0.107639 0.472917 0.005556 0.043056
1 0.115972 0.479861 0.006944 0.037500
1 0.125694 0.481944 0.009722 0.044444
1 0.165972 0.484722 0.009722 0.041667
5 0.147569 0.473611 0.031250 0.066667
1 0.267014 0.485417 0.006250 0.043056
1 0.273611 0.495139 0.006944 0.040278
1 0.292014 0.495833 0.009028 0.038889
1 0.355903 0.492361 0.004861 0.031944
1 0.363194 0.492361 0.005556 0.031944
1 0.550694 0.511111 0.004167 0.030556
1 0.553819 0.513889 0.004861 0.027778
1 0.557986 0.513194 0.004861 0.029167
1 0.436806 0.426389 0.044444 0.133333
1 0.702431 0.523611 0.009028 0.036111
1 0.756250 0.543056 0.009722 0.050000
1 0.780556 0.544444 0.011111 0.058333
3 0.193403 0.626389 0.215972 0.158333
3 0.400694 0.645139 0.156944 0.143056
3 0.355903 0.547917 0.045139 0.051389
3 0.628472 0.567361 0.052778 0.048611
