3 0.505208 0.737500 0.602083 0.525000
1 0.055556 0.370833 0.020833 0.069444
1 0.047569 0.315972 0.014583 0.056944
1 0.060069 0.319444 0.014583 0.063889
1 0.091319 0.311806 0.017361 0.062500
5 0.077083 0.279861 0.058333 0.104167
1 0.295486 0.361111 0.011806 0.066667
1 0.251389 0.281944 0.012500 0.052778
1 0.266319 0.268750 0.010417 0.051389
1 0.281250 0.224306 0.006944 0.048611
1 0.350694 0.230556 0.006944 0.044444
1 0.359375 0.230556 0.007639 0.047222
3 0.317361 0.277778 0.087500 0.044444
1 0.418750 0.424306 0.015278 0.079167
1 0.436806 0.410417 0.012500 0.070833
1 0.423264 0.273611 0.009028 0.030556
1 0.490625 0.296528 0.007639 0.045833
1 0.457639 0.244444 0.008333 0.041667
1 0.533681 0.235417 0.006250 0.040278
1 0.613889 0.225694 0.008333 0.034722
1 0.605903 0.225000 0.004861 0.036111
1 0.600347 0.224306 0.007639 0.037500
1 0.594444 0.223611 0.005556 0.036111
1 0.921181 0.465972 0.020139 0.068056
1 0.933681 0.472917 0.022917 0.073611
3 0.768056 0.336111 0.080556 0.083333
3 0.487153 0.218750 0.078472 0.048611
3 0.522569 0.347917 0.161806 0.098611
2 0.472917 0.299306 0.023611 0.068056
2 0.443056 0.190278 0.031944 0.211111
