3 0.464236 0.765972 0.614583 0.468056
1 0.085069 0.368056 0.018750 0.066667
1 0.128819 0.296528 0.011806 0.056944
1 0.215972 0.363889 0.012500 0.061111
1 0.217361 0.300000 0.011111 0.044444
1 0.227431 0.293056 0.009028 0.050000
1 0.278472 0.374306 0.013889 0.065278
1 0.318056 0.409722 0.011111 0.061111
1 0.355556 0.422917 0.015278 0.062500
1 0.344444 0.300000 0.009722 0.050000
3 0.423264 0.400694 0.189583 0.081944
3 0.387500 0.269444 0.080556 0.052778
1 0.438542 0.282639 0.007639 0.040278
1 0.452083 0.295139 0.008333 0.045833
1 0.487153 0.263194 0.004861 0.040278
1 0.491319 0.266667 0.006250 0.041667
1 0.504167 0.270139 0.006944 0.040278
3 0.150694 0.360417 0.097222 0.095833
3 0.655208 0.354167 0.086806 0.069444
1 0.795833 0.404167 0.012500 0.061111
1 0.819097 0.462500 0.013194 0.069444
1 0.833681 0.468750 0.015972 0.073611
