1 0.023958 0.456250 0.022917 0.073611
1 0.131944 0.485417 0.022222 0.070833
1 0.118403 0.406944 0.013194 0.069444
1 0.123264 0.400694 0.011806 0.065278
1 0.132986 0.381944 0.017361 0.066667
1 0.150000 0.381944 0.013889 0.063889
1 0.160069 0.386111 0.014583 0.058333
1 0.156944 0.372222 0.011111 0.061111
1 0.171181 0.368056 0.011806 0.061111
1 0.177083 0.359722 0.012500 0.058333
1 0.170833 0.218056 0.012500 0.044444
1 0.198958 0.352778 0.009028 0.061111
1 0.208333 0.351389 0.012500 0.052778
1 0.246181 0.340972 0.010417 0.051389
5 0.226042 0.311806 0.040972 0.104167
1 0.367708 0.285417 0.009028 0.040278
1 0.370486 0.320139 0.009028 0.048611
1 0.378819 0.315972 0.009028 0.048611
1 0.395486 0.306250 0.009028 0.048611
1 0.478472 0.264583 0.008333 0.045833
1 0.469444 0.271528 0.008333 0.045833
3 0.430556 0.314583 0.063889 0.051389
3 0.639931 0.428472 0.146528 0.118056
1 0.714583 0.258333 0.009722 0.038889
1 0.720833 0.261806 0.005556 0.037500
1 0.727083 0.266667 0.005556 0.041667
1 0.752083 0.175000 0.006944 0.030556
1 0.764583 0.168750 0.008333 0.031944
1 0.892014 0.490972 0.009028 0.045833
1 0.885417 0.483333 0.009722 0.047222
3 0.896528 0.418750 0.140278 0.120833
3 0.697222 0.799306 0.576389 0.401389
3 0.611806 0.243056 0.154167 0.077778
1 0.031944 0.663194 0.029167 0.062500
