3 0.123611 0.418750 0.227778 0.156944
3 0.496528 0.229167 0.233333 0.102778
3 0.917014 0.497222 0.165972 0.155556
3 0.531250 0.725694 0.395833 0.409722
1 0.410417 0.700000 0.033333 0.083333
1 0.434375 0.729167 0.035417 0.122222
1 0.138889 0.493056 0.026389 0.100000
1 0.225694 0.302778 0.018056 0.063889
1 0.246181 0.284722 0.015972 0.069444
1 0.751736 0.143750 0.009028 0.040278
1 0.681597 0.285417 0.015972 0.054167
1 0.711806 0.257639 0.009722 0.056944
1 0.696528 0.254861 0.013889 0.065278
1 0.689583 0.247222 0.008333 0.052778
1 0.681597 0.241667 0.011806 0.052778
1 0.675000 0.239583 0.009722 0.056944
