3 0.292014 0.729167 0.582639 0.541667
3 0.021528 0.318056 0.041667 0.050000
3 0.181250 0.202083 0.193056 0.056944
3 0.438542 0.259722 0.146528 0.088889
3 0.243056 0.359722 0.180556 0.069444
1 0.006597 0.272222 0.011806 0.044444
1 0.016667 0.259722 0.015278 0.052778
1 0.178125 0.292361 0.011806 0.043056
1 0.204861 0.320833 0.012500 0.038889
1 0.317361 0.179167 0.006944 0.038889
1 0.323958 0.183333 0.004861 0.036111
1 0.328472 0.183333 0.005556 0.038889
1 0.337153 0.184028 0.007639 0.037500
1 0.339583 0.406944 0.018056 0.050000
1 0.622222 0.363194 0.013889 0.059722
1 0.607986 0.358333 0.010417 0.061111
1 0.609375 0.329167 0.006250 0.044444
0 0.970833 0.075694 0.015278 0.012500
0 0.938889 0.075000 0.018056 0.016667
0 0.909375 0.069444 0.017361 0.013889
0 0.892361 0.070139 0.016667 0.012500
0 0.854861 0.063889 0.018056 0.011111
0 0.822222 0.061806 0.009722 0.009722
0 0.811111 0.061111 0.009722 0.011111
