1 0.007986 0.378472 0.014583 0.076389
1 0.042708 0.318056 0.018750 0.063889
1 0.053819 0.314583 0.015972 0.065278
1 0.083333 0.306250 0.022222 0.068056
1 0.139583 0.317361 0.016667 0.068056
1 0.261458 0.394444 0.013194 0.069444
1 0.269097 0.400000 0.014583 0.072222
1 0.244097 0.252083 0.009028 0.054167
1 0.257292 0.249306 0.009028 0.054167
1 0.270833 0.198611 0.009722 0.052778
1 0.342361 0.204861 0.008333 0.043056
1 0.351736 0.196528 0.009028 0.043056
6 0.478125 0.304861 0.017361 0.018056
3 0.306250 0.254861 0.081944 0.037500
1 0.394444 0.295139 0.011111 0.043056
1 0.444097 0.210417 0.007639 0.040278
1 0.450347 0.178472 0.007639 0.040278
1 0.510764 0.326389 0.149306 0.102778
2 0.469444 0.264583 0.027778 0.065278
2 0.421875 0.220833 0.064583 0.102778
1 0.610069 0.186111 0.007639 0.033333
1 0.601736 0.184722 0.007639 0.033333
1 0.596181 0.183333 0.007639 0.033333
1 0.592014 0.179167 0.007639 0.033333
1 0.611111 0.388194 0.016667 0.070833
1 0.905208 0.450000 0.022917 0.069444
1 0.929861 0.462500 0.026389 0.069444
3 0.515278 0.743056 0.552778 0.513889
5 0.067361 0.270139 0.058333 0.106944
3 0.507292 0.179167 0.081250 0.044444
3 0.745833 0.301389 0.113889 0.047222
