1 0.031944 0.554167 0.034722 0.097222
1 0.050347 0.537500 0.034028 0.097222
1 0.077431 0.533333 0.034028 0.102778
1 0.069444 0.430556 0.023611 0.088889
1 0.492014 0.418056 0.011806 0.086111
1 0.471875 0.275694 0.011806 0.062500
1 0.411458 0.196528 0.011806 0.056944
1 0.363194 0.316667 0.012500 0.038889
1 0.353819 0.306944 0.010417 0.038889
5 0.357639 0.331944 0.059722 0.097222
1 0.476389 0.193750 0.009722 0.059722
1 0.480903 0.185417 0.006250 0.056944
1 0.487847 0.176389 0.009028 0.061111
1 0.498958 0.179167 0.007639 0.055556
1 0.505903 0.184028 0.009028 0.051389
1 0.503472 0.172917 0.005556 0.062500
1 0.517361 0.170139 0.008333 0.054167
1 0.534028 0.181944 0.009722 0.052778
1 0.547917 0.178472 0.009722 0.054167
1 0.553125 0.178472 0.009028 0.051389
1 0.540625 0.137500 0.013194 0.047222
1 0.599306 0.200000 0.012500 0.058333
1 0.611111 0.200694 0.011111 0.051389
1 0.724306 0.138889 0.013889 0.047222
1 0.714931 0.189583 0.013194 0.048611
1 0.722569 0.189583 0.014583 0.045833
1 0.815278 0.179861 0.013889 0.048611
1 0.827431 0.174306 0.014583 0.045833
3 0.773611 0.209722 0.088889 0.055556
3 0.907986 0.173611 0.086806 0.052778
5 0.566667 0.143056 0.037500 0.097222
3 0.804861 0.761111 0.390278 0.477778
0 0.192361 0.010417 0.016667 0.018056
0 0.203125 0.009722 0.011806 0.016667
0 0.217361 0.011806 0.023611 0.020833
