3 0.287153 0.704861 0.572917 0.590278
3 0.264931 0.328472 0.161806 0.076389
3 0.468750 0.248611 0.108333 0.055556
3 0.206597 0.186806 0.150694 0.043056
3 0.039236 0.295139 0.077083 0.056944
1 0.045486 0.243056 0.015972 0.044444
1 0.057986 0.237500 0.013194 0.052778
1 0.198958 0.254861 0.011806 0.045833
1 0.356250 0.356250 0.019444 0.040278
1 0.230903 0.295139 0.011806 0.029167
1 0.332639 0.163194 0.006944 0.037500
1 0.339236 0.168056 0.007639 0.033333
1 0.344097 0.170833 0.007639 0.036111
1 0.351736 0.169444 0.006250 0.036111
1 0.625347 0.327778 0.009028 0.055556
1 0.611111 0.325694 0.008333 0.051389
1 0.611111 0.293056 0.008333 0.036111
0 0.978125 0.065278 0.017361 0.013889
0 0.942708 0.062500 0.020139 0.013889
0 0.916667 0.059028 0.018056 0.015278
0 0.900000 0.060417 0.013889 0.012500
0 0.862153 0.056250 0.015972 0.012500
0 0.829167 0.053472 0.011111 0.009722
0 0.817014 0.053472 0.010417 0.009722
