1 0.032986 0.583333 0.024306 0.091667
1 0.012847 0.662500 0.024306 0.077778
1 0.035069 0.679167 0.035417 0.100000
1 0.067361 0.674306 0.033333 0.109722
1 0.063889 0.605556 0.025000 0.052778
5 0.315625 0.493056 0.068750 0.100000
1 0.313194 0.477778 0.016667 0.044444
1 0.313889 0.463889 0.016667 0.044444
1 0.412500 0.474306 0.018056 0.054167
1 0.476736 0.373611 0.014583 0.061111
1 0.411458 0.322222 0.011806 0.050000
1 0.473264 0.311806 0.007639 0.056944
1 0.478472 0.309028 0.006944 0.054167
1 0.485417 0.296528 0.009722 0.054167
1 0.496875 0.299306 0.006250 0.051389
1 0.503472 0.305556 0.005556 0.047222
1 0.501042 0.293750 0.006250 0.054167
1 0.512153 0.293750 0.006250 0.048611
1 0.520833 0.292361 0.008333 0.048611
1 0.533681 0.289583 0.009028 0.048611
1 0.540972 0.289583 0.009722 0.043056
1 0.516319 0.176389 0.011806 0.036111
5 0.559722 0.262500 0.036111 0.083333
1 0.607292 0.315972 0.009028 0.051389
1 0.614931 0.317361 0.009028 0.051389
1 0.697569 0.306250 0.009028 0.051389
1 0.704167 0.251389 0.011111 0.044444
1 0.714236 0.300000 0.014583 0.047222
1 0.802083 0.288194 0.011111 0.043056
1 0.812153 0.284028 0.013194 0.045833
0 0.938542 0.211111 0.022917 0.019444
3 0.830903 0.823611 0.338194 0.352778
3 0.765278 0.314583 0.087500 0.043056
3 0.930208 0.284722 0.139583 0.077778
