3 0.415278 0.853472 0.829167 0.293056
3 0.434375 0.494444 0.215972 0.130556
3 0.707292 0.420139 0.090972 0.093056
3 0.141319 0.420833 0.161806 0.086111
3 0.360417 0.304167 0.133333 0.052778
1 0.038542 0.452778 0.015972 0.075000
1 0.046528 0.434028 0.019444 0.054167
1 0.102083 0.362500 0.011111 0.058333
1 0.194444 0.440278 0.012500 0.069444
1 0.202778 0.360417 0.012500 0.048611
1 0.214583 0.352778 0.009722 0.052778
1 0.267708 0.459028 0.015972 0.073611
1 0.346875 0.356944 0.010417 0.050000
1 0.449306 0.334722 0.006944 0.044444
1 0.477083 0.343056 0.006944 0.047222
1 0.519792 0.314583 0.007639 0.040278
1 0.511458 0.315278 0.006250 0.038889
1 0.506250 0.313889 0.006944 0.038889
1 0.500347 0.311806 0.006250 0.043056
1 0.372917 0.497222 0.011111 0.066667
1 0.397917 0.518750 0.012500 0.056944
1 0.857639 0.444444 0.011111 0.055556
1 0.913194 0.569444 0.018056 0.080556
1 0.931597 0.579861 0.022917 0.081944
1 0.686806 0.509722 0.030556 0.061111
