3 0.296528 0.720139 0.591667 0.559722
3 0.046875 0.323611 0.092361 0.077778
3 0.224306 0.195833 0.169444 0.047222
3 0.490972 0.263889 0.122222 0.072222
3 0.282639 0.362500 0.175000 0.086111
1 0.061806 0.263194 0.015278 0.043056
1 0.073611 0.253472 0.013889 0.048611
1 0.218056 0.286806 0.016667 0.043056
1 0.246875 0.322222 0.013194 0.038889
1 0.355556 0.180556 0.006944 0.038889
1 0.361458 0.184722 0.004861 0.036111
1 0.365625 0.184028 0.006250 0.037500
1 0.374653 0.184028 0.006250 0.040278
1 0.377083 0.398611 0.012500 0.041667
1 0.642708 0.345139 0.007639 0.054167
1 0.643056 0.368750 0.009722 0.056944
1 0.656944 0.373611 0.015278 0.058333
0 0.965625 0.071528 0.020139 0.015278
0 0.945833 0.072222 0.016667 0.011111
0 0.905556 0.068056 0.018056 0.008333
0 0.868750 0.063889 0.011111 0.011111
0 0.856944 0.064583 0.011111 0.012500
