1 0.048611 0.429861 0.009722 0.051389
1 0.059722 0.428472 0.009722 0.056944
1 0.065625 0.439583 0.010417 0.051389
1 0.071875 0.431944 0.007639 0.052778
1 0.077778 0.429167 0.008333 0.050000
1 0.086458 0.428472 0.011806 0.054167
1 0.098264 0.427083 0.011806 0.037500
3 0.167708 0.464583 0.245139 0.115278
3 0.401042 0.486111 0.193750 0.097222
2 0.385764 0.321528 0.070139 0.137500
2 0.069097 0.223611 0.136806 0.175000
2 0.322917 0.268750 0.054167 0.126389
1 0.742361 0.479167 0.015278 0.050000
1 0.769097 0.484028 0.020139 0.070833
1 0.830208 0.493750 0.024306 0.112500
