3 0.039236 0.293750 0.077083 0.054167
1 0.051736 0.243750 0.015972 0.045833
1 0.063542 0.236806 0.014583 0.051389
1 0.202778 0.252083 0.009722 0.045833
1 0.236458 0.298611 0.010417 0.038889
3 0.264583 0.330556 0.152778 0.075000
3 0.215278 0.187500 0.163889 0.047222
1 0.336458 0.166667 0.006250 0.038889
1 0.342361 0.171528 0.005556 0.034722
1 0.347917 0.173611 0.006944 0.030556
1 0.354514 0.172917 0.007639 0.031944
3 0.473611 0.252083 0.120833 0.068056
1 0.627083 0.329861 0.008333 0.056944
1 0.612847 0.327778 0.011806 0.063889
1 0.611806 0.304167 0.006944 0.050000
0 0.980903 0.070139 0.017361 0.012500
0 0.951042 0.063194 0.018750 0.018056
0 0.919097 0.061806 0.015972 0.015278
0 0.902778 0.063889 0.015278 0.011111
0 0.864931 0.057639 0.018750 0.009722
0 0.848958 0.053472 0.015972 0.018056
0 0.820486 0.053472 0.010417 0.012500
0 0.831944 0.055556 0.009722 0.011111
3 0.302083 0.709722 0.522222 0.580556
