3 0.376389 0.729167 0.577778 0.541667
1 0.123264 0.446528 0.020139 0.076389
1 0.140625 0.413889 0.014583 0.066667
1 0.064583 0.309028 0.011111 0.054167
1 0.089931 0.286111 0.014583 0.055556
1 0.102431 0.231944 0.011806 0.050000
1 0.189236 0.229167 0.010417 0.044444
1 0.198264 0.218750 0.011806 0.040278
3 0.149653 0.284722 0.111806 0.080556
1 0.254514 0.314583 0.010417 0.043056
1 0.265625 0.207639 0.007639 0.037500
1 0.303125 0.222222 0.009028 0.044444
6 0.342361 0.308333 0.016667 0.027778
2 0.328819 0.276389 0.053472 0.038889
2 0.302083 0.208333 0.048611 0.097222
2 0.247222 0.205556 0.062500 0.116667
3 0.377431 0.177083 0.102083 0.054167
3 0.384375 0.328472 0.172917 0.081944
1 0.468750 0.175000 0.006944 0.036111
1 0.460417 0.173611 0.005556 0.036111
1 0.455556 0.174306 0.004167 0.034722
1 0.451389 0.171528 0.005556 0.037500
1 0.481597 0.374306 0.014583 0.062500
3 0.587847 0.266667 0.113194 0.077778
1 0.495833 0.089583 0.004167 0.029167
1 0.735764 0.375000 0.017361 0.061111
1 0.755556 0.383333 0.018056 0.061111
1 0.977778 0.279167 0.023611 0.058333
