3 0.386458 0.731944 0.572917 0.536111
3 0.150694 0.290278 0.108333 0.066667
1 0.089236 0.293056 0.010417 0.052778
1 0.091667 0.236111 0.011111 0.047222
1 0.191319 0.310417 0.010417 0.056944
1 0.217014 0.301389 0.014583 0.052778
1 0.189931 0.234722 0.011806 0.047222
1 0.199653 0.227083 0.009028 0.045833
1 0.221875 0.233333 0.010417 0.044444
1 0.335417 0.254167 0.012500 0.047222
1 0.451736 0.181944 0.006250 0.041667
1 0.456250 0.181944 0.006944 0.036111
1 0.461111 0.184028 0.005556 0.034722
1 0.467014 0.185417 0.006250 0.031944
3 0.360417 0.182639 0.118056 0.051389
6 0.345139 0.307639 0.020833 0.034722
3 0.382292 0.341667 0.170139 0.091667
2 0.348264 0.252778 0.009028 0.075000
3 0.591319 0.284028 0.121528 0.084722
1 0.737500 0.393750 0.012500 0.059722
1 0.752083 0.404167 0.012500 0.063889
1 0.814236 0.431944 0.022917 0.069444
