3 0.519097 0.748611 0.620139 0.502778
1 0.007986 0.332639 0.014583 0.065278
1 0.049653 0.323611 0.014583 0.066667
1 0.062153 0.322917 0.014583 0.062500
1 0.105556 0.343056 0.015278 0.063889
1 0.092708 0.315972 0.017361 0.062500
5 0.078472 0.282639 0.056944 0.101389
1 0.297569 0.358333 0.013194 0.069444
1 0.252083 0.280556 0.011111 0.055556
1 0.267014 0.267361 0.010417 0.051389
1 0.281944 0.223611 0.008333 0.047222
1 0.352431 0.230556 0.007639 0.044444
1 0.359722 0.229861 0.006944 0.048611
1 0.422222 0.418056 0.013889 0.077778
1 0.439583 0.406250 0.012500 0.070833
1 0.424653 0.270833 0.009028 0.033333
1 0.483333 0.240972 0.008333 0.040278
1 0.491319 0.293750 0.010417 0.045833
2 0.480903 0.306944 0.034028 0.069444
2 0.459028 0.226389 0.020833 0.133333
3 0.514236 0.211806 0.081250 0.043056
3 0.319444 0.277778 0.083333 0.044444
3 0.520833 0.343056 0.152778 0.094444
1 0.615625 0.221528 0.009028 0.034722
1 0.607639 0.220833 0.006944 0.036111
1 0.602083 0.219444 0.005556 0.033333
1 0.597222 0.218056 0.006944 0.038889
1 0.534028 0.232639 0.008333 0.037500
1 0.768403 0.318056 0.089583 0.075000
1 0.924653 0.455556 0.021528 0.072222
1 0.939236 0.465278 0.022917 0.072222
