5 0.039236 0.651389 0.077083 0.261111
1 0.095486 0.631944 0.024306 0.091667
1 0.115278 0.620833 0.025000 0.063889
1 0.115278 0.535417 0.027778 0.084722
1 0.141667 0.534028 0.022222 0.062500
1 0.146875 0.629167 0.027083 0.094444
5 0.364236 0.482639 0.065972 0.087500
1 0.360069 0.468056 0.013194 0.041667
1 0.363889 0.456250 0.012500 0.037500
1 0.455903 0.476389 0.024306 0.050000
1 0.462847 0.329167 0.009028 0.052778
1 0.521875 0.383333 0.011806 0.058333
1 0.523264 0.321528 0.007639 0.056944
1 0.528472 0.318056 0.006944 0.047222
1 0.535764 0.310417 0.009028 0.051389
1 0.546528 0.315278 0.005556 0.047222
1 0.554167 0.318056 0.006944 0.047222
1 0.552431 0.307639 0.006250 0.054167
1 0.564931 0.308333 0.009028 0.055556
1 0.580556 0.314583 0.006944 0.054167
1 0.592361 0.311111 0.006944 0.052778
1 0.596875 0.311806 0.010417 0.048611
5 0.612847 0.281250 0.039583 0.090278
1 0.601042 0.206250 0.010417 0.040278
1 0.659028 0.343056 0.008333 0.052778
1 0.663542 0.340972 0.007639 0.048611
1 0.781944 0.281250 0.012500 0.045833
1 0.766319 0.333333 0.013194 0.047222
1 0.774653 0.334028 0.014583 0.045833
1 0.873264 0.329861 0.013194 0.048611
1 0.885417 0.322222 0.015278 0.044444
3 0.824306 0.368056 0.084722 0.091667
3 0.968056 0.324306 0.063889 0.062500
0 0.271875 0.139583 0.018750 0.020833
0 0.291319 0.139583 0.018750 0.020833
0 0.278819 0.142361 0.010417 0.018056
3 0.852083 0.847222 0.295833 0.305556
