3 0.376389 0.731944 0.586111 0.536111
3 0.150000 0.278472 0.109722 0.073611
3 0.353819 0.178472 0.140972 0.034722
3 0.379167 0.324306 0.161111 0.084722
3 0.586458 0.263889 0.127083 0.066667
1 0.061806 0.300694 0.013889 0.054167
1 0.087153 0.277778 0.015972 0.055556
1 0.094444 0.221528 0.012500 0.051389
1 0.121528 0.361806 0.013889 0.070833
1 0.130208 0.369444 0.015972 0.069444
1 0.188889 0.221528 0.011111 0.040278
3 0.198958 0.213194 0.009028 0.045833
1 0.252431 0.298611 0.011806 0.055556
1 0.243056 0.247917 0.013889 0.045833
1 0.267708 0.204167 0.007639 0.036111
6 0.345139 0.303472 0.023611 0.018056
2 0.328472 0.256250 0.041667 0.073611
2 0.254514 0.192361 0.034028 0.104167
2 0.296528 0.227083 0.040278 0.045833
1 0.452778 0.170139 0.005556 0.037500
1 0.457292 0.176389 0.006250 0.033333
1 0.462847 0.176389 0.007639 0.036111
1 0.469097 0.177778 0.007639 0.038889
1 0.488194 0.097917 0.005556 0.026389
1 0.471181 0.370139 0.014583 0.076389
1 0.742708 0.376389 0.017361 0.063889
1 0.760069 0.386111 0.017361 0.063889
1 0.876736 0.384722 0.022917 0.063889
