1 0.005208 0.363194 0.009028 0.051389
1 0.052778 0.372222 0.008333 0.047222
1 0.060069 0.373611 0.010417 0.055556
1 0.069444 0.369444 0.006944 0.044444
1 0.077083 0.368056 0.008333 0.055556
1 0.082292 0.368750 0.004861 0.054167
1 0.087500 0.370139 0.005556 0.045833
1 0.096181 0.362500 0.010417 0.033333
3 0.161111 0.404861 0.220833 0.120833
3 0.407639 0.425694 0.209722 0.098611
2 0.419792 0.345833 0.043750 0.061111
2 0.370486 0.309722 0.068750 0.113889
2 0.258333 0.227083 0.148611 0.170833
2 0.103472 0.220833 0.165278 0.169444
1 0.826042 0.393056 0.046528 0.238889
1 0.887847 0.413889 0.042361 0.205556
