1 0.041319 0.229861 0.018750 0.065278
1 0.086111 0.221528 0.016667 0.065278
1 0.055556 0.230556 0.013889 0.061111
5 0.068403 0.186111 0.059028 0.100000
1 0.241667 0.213889 0.013889 0.055556
1 0.255208 0.194444 0.009028 0.055556
1 0.262847 0.170833 0.007639 0.047222
1 0.275694 0.125694 0.008333 0.045833
1 0.294097 0.275000 0.015972 0.066667
1 0.373958 0.336111 0.015972 0.080556
1 0.435764 0.316667 0.013194 0.069444
1 0.397569 0.225694 0.010417 0.056944
1 0.346528 0.131944 0.008333 0.047222
1 0.355903 0.127083 0.009028 0.045833
1 0.395486 0.205556 0.007639 0.047222
6 0.484375 0.229861 0.010417 0.023611
2 0.470486 0.203472 0.020139 0.043056
2 0.443750 0.095139 0.059722 0.187500
3 0.313542 0.181250 0.090972 0.059722
3 0.515972 0.246528 0.148611 0.090278
1 0.497917 0.139583 0.009722 0.043056
1 0.513542 0.132639 0.009028 0.040278
1 0.615625 0.120139 0.009028 0.037500
1 0.606250 0.120833 0.008333 0.036111
1 0.600694 0.118750 0.006944 0.034722
1 0.596181 0.116667 0.007639 0.038889
3 0.495833 0.097917 0.047222 0.029167
3 0.772569 0.236111 0.075694 0.083333
1 0.918750 0.370139 0.022222 0.073611
1 0.943403 0.384028 0.024306 0.070833
3 0.525000 0.714583 0.540278 0.570833
