1 0.009722 0.329861 0.016667 0.062500
1 0.055556 0.323611 0.018056 0.058333
1 0.068056 0.322917 0.012500 0.059722
1 0.097569 0.315278 0.018750 0.058333
5 0.082986 0.282639 0.057639 0.098611
1 0.212153 0.315278 0.013194 0.055556
1 0.300000 0.359722 0.011111 0.066667
1 0.254514 0.284028 0.010417 0.054167
1 0.270486 0.270833 0.010417 0.047222
1 0.283681 0.229167 0.007639 0.041667
1 0.354167 0.235417 0.008333 0.040278
1 0.361458 0.231944 0.006250 0.044444
1 0.421875 0.419444 0.014583 0.072222
1 0.472569 0.278472 0.011806 0.043056
1 0.507292 0.244444 0.009028 0.036111
1 0.527431 0.238194 0.007639 0.034722
6 0.492014 0.325000 0.015972 0.033333
3 0.520486 0.345833 0.156250 0.094444
1 0.439583 0.406250 0.011111 0.068056
2 0.478819 0.157639 0.079861 0.095833
2 0.418403 0.246528 0.093750 0.095833
2 0.385417 0.150694 0.108333 0.098611
3 0.323611 0.275694 0.091667 0.048611
3 0.501042 0.219444 0.049306 0.025000
1 0.613194 0.227778 0.008333 0.033333
1 0.605903 0.225000 0.006250 0.036111
1 0.595833 0.223611 0.008333 0.033333
1 0.599653 0.226389 0.006250 0.033333
3 0.767014 0.332639 0.075694 0.084722
1 0.919097 0.459028 0.021528 0.070833
1 0.936806 0.467361 0.023611 0.073611
2 0.222917 0.439583 0.068056 0.159722
3 0.546181 0.756944 0.528472 0.486111
