1 0.063542 0.708333 0.035417 0.105556
1 0.035764 0.640278 0.028472 0.052778
1 0.026736 0.600694 0.020139 0.087500
1 0.055556 0.603472 0.026389 0.070833
5 0.300000 0.511111 0.069444 0.097222
1 0.296875 0.494444 0.017361 0.041667
1 0.297569 0.479861 0.017361 0.040278
1 0.398264 0.488194 0.018750 0.051389
1 0.397222 0.334722 0.012500 0.052778
1 0.462153 0.387500 0.011806 0.063889
1 0.459722 0.321528 0.008333 0.062500
1 0.464236 0.318056 0.006250 0.052778
1 0.472222 0.308333 0.009722 0.058333
1 0.482986 0.311111 0.006250 0.052778
1 0.489931 0.315972 0.007639 0.051389
1 0.488889 0.301389 0.006944 0.055556
1 0.499306 0.305556 0.008333 0.058333
1 0.515625 0.308333 0.007639 0.055556
1 0.521181 0.297917 0.006250 0.051389
1 0.528472 0.300000 0.008333 0.044444
1 0.503819 0.178472 0.010417 0.043056
5 0.547569 0.271528 0.036806 0.084722
1 0.594444 0.327083 0.008333 0.056944
1 0.601736 0.329861 0.010417 0.054167
0 0.177431 0.147222 0.020139 0.022222
0 0.187847 0.149306 0.015972 0.020833
0 0.199306 0.148611 0.022222 0.027778
1 0.688542 0.314583 0.011806 0.048611
1 0.701736 0.309722 0.014583 0.044444
1 0.706944 0.255556 0.011111 0.041667
1 0.790278 0.295833 0.012500 0.047222
1 0.801042 0.289583 0.014583 0.043056
3 0.831597 0.816667 0.336806 0.366667
3 0.746181 0.330556 0.071528 0.058333
3 0.924653 0.297917 0.150694 0.095833
3 0.967014 0.527083 0.065972 0.095833
