3 0.044444 0.306944 0.087500 0.066667
1 0.068403 0.254861 0.015972 0.045833
1 0.079861 0.245833 0.012500 0.050000
1 0.164583 0.300694 0.012500 0.043056
1 0.176042 0.293056 0.013194 0.050000
3 0.228472 0.195833 0.172222 0.050000
3 0.287847 0.340278 0.168750 0.069444
1 0.398264 0.367361 0.014583 0.065278
1 0.348264 0.176389 0.006250 0.038889
1 0.354514 0.181250 0.004861 0.037500
1 0.359722 0.183333 0.006944 0.036111
1 0.366319 0.181250 0.006250 0.037500
3 0.479861 0.257639 0.119444 0.068056
3 0.322569 0.720139 0.539583 0.559722
1 0.626389 0.346528 0.011111 0.056944
1 0.642014 0.345833 0.009028 0.055556
1 0.630556 0.320139 0.006944 0.040278
0 0.967708 0.081944 0.022917 0.013889
0 0.939583 0.077083 0.018056 0.012500
0 0.922569 0.079167 0.015972 0.011111
0 0.882986 0.074306 0.020139 0.012500
0 0.837153 0.068750 0.013194 0.009722
